geneName	HEK293T.3h	HCT116.3h	Hela.3h	HEK293T.6h	HEK293.12h.CHX	HEK293.12h.noCHX	SUM159.12h	SUM159.0.2.24h
PRSS22	2.66071	-1.12589	0.613441	0.0528245	-1.65522	0.736526	-0.115414	0.331573
TMEM98	-0.792288	-1.20271	0.613441	0.0902992	-0.732262	0.01406	0.884586	0.746611
PNPLA4	0.186778	1.2485	-0.521209	0.0351225	-0.570053	0.414598	-1.11541	2.33157
TRAPPC6A	-0.242906	-1.23924	-0.29345	0.784628	0.624203	1.13988	1.88459	0.817
CPS1	0.22555	1.2597	0.338559	0.432856	0.451695	0.267041	-0.659735	-0.343753
SLC2A3	0.113222	2.02611	-0.1484	0.126825	0.666707	1.73653	-0.297781	0.118354
KCNQ2	0.242789	-1.04428	-0.386559	-1.44598	-1.69786	-1.51981	1.58503	1.13893
RASAL2	0.0777437	1.33037	0.44863	0.0153498	-0.0213485	0.388603	0.0475601	0.260082
SLC27A5	-0.019601	-1.15642	0.299941	-0.084679	-1.03631	-1.39276	0.724121	1.04943
ZNF416	0.660709	2.51154	1.25087	0.39796	1.80421	-0.0410816	-0.115414	1.07881
PPP1R15A	1.16819	1.74998	2.81033	2.1468	0.9234	2.01663	-1.21163	3.0344
PPP2R3C	0.595066	-1.04789	0.0284782	0.336131	0.120883	0.456418	-0.245049	0.320258
GADD45B	-0.824717	1.11922	1.76652	-0.449676	-1.31127	-0.263474	-0.867595	0.902015
CCNB1IP1	0.608948	1.4747	1.18535	0.360947	0.834883	0.6859	0.319523	3.22054
FZD3	0.432842	1.24671	0.0284782	0.476475	-0.0836786	-0.0790494	-0.421122	0.971073
RAB3D	-0.457685	-1.11026	-0.987463	-0.625247	-1.51639	-0.848436	0.330386	-1.57221
PLPPR2	-0.661219	-1.1538	-0.529517	-0.532138	-1.46258	-0.848436	-0.316111	-0.687286
KDM4C	0.52429	1.28914	0.259804	0.217569	0.785352	0.284014	0.0289758	0.841673
BAG1	0.0727255	-1.24137	-0.325965	-0.0606335	-1.18772	-0.704047	0.295218	2.22195
MAPK8	0.249395	-1.1595	-0.132376	0.17983	0.369958	0.151564	0.0101168	-0.220968
CHIC2	0.540415	1.44961	-0.0173255	0.109408	0.567172	0.270862	0.0492166	0.48199
CAP2	0.311611	1.81966	-0.0698869	0.227155	0.755712	1.29292	-0.030977	-0.849262
PEX7	0.261482	1.18223	-0.0204314	0.501955	0.680602	0.427198	0.329725	0.314086
CLCN2	-0.525387	-1.07343	-0.253293	0.0143504	0.0552728	0.736526	-0.0604476	0.413257
RPS25	-1.73302	-1.05949	-0.560242	-1.38377	-1.27256	-1.42211	-0.114043	0.814941
PHF19	-0.760327	-1.09146	-0.225943	-0.385297	-0.75119	-0.128544	0.336132	-0.812082
MLH3	0.895175	1.67617	-0.164167	0.0528245	1.5147	2.32149	0.302651	0.67516
SLF2	0.381519	1.22444	0.535438	0.297937	-0.429928	-0.438561	0.66432	1.35688
TNFSF18	0.660709	1.17367	0.613441	-1.53214	-1.65522	0.736526	-1.11541	-0.668427
EGR1	-0.735219	1.30073	2.52324	-0.584605	-2.33329	-0.000439573	-3.66004	-3.54563
SORBS3	-0.147312	-1.02051	-0.118748	0.13608	-1.34059	0.391391	0.483159	-0.90571
OBSL1	-0.455374	-1.1889	-0.0646312	-0.460585	0.0882878	-0.385465	-0.13697	-1.53984
MIF4GD	0.0673346	-1.07343	-0.299096	0.315859	0.310832	0.736526	0.624827	0.826338
PPDPF	-0.559298	-1.0971	-0.837221	-0.443409	-1.68951	-0.765974	0.832803	0.634886
RIBC2	0.189819	2.02611	0.595953	0.178355	0.567172	0.621049	0.408148	0.541027
DOHH	-0.811967	-1.06449	0.306779	-0.499717	-0.452281	-0.442798	0.155356	1.65164
SAT1	1.68404	1.58554	0.968536	1.37475	1.01406	1.32149	0.24987	2.84125
SLC27A1	-0.661219	-1.1538	0.291513	0.583339	-0.195789	0.321489	0.408148	-1.08346
MRPL34	-1.44189	-1.1996	-0.763717	-0.662337	-1.22591	-0.687972	0.554579	0.597909
LPIN1	0.00863269	1.40462	0.636524	-0.0888366	1.3782	1.05845	-0.097888	-1.10717
RTL8C	0.343801	-1.05832	-0.227423	-0.645968	-1.15392	-0.839666	0.11346	-0.553268
KLHL36	0.240258	-1.07343	1.08293	-0.188184	-0.811622	0.442795	0.469548	-0.147595
ZNF189	0.527684	1.67819	0.434471	0.363754	0.197938	0.93816	-0.00849888	0.464024
GCHFR	0.705797	3.16361	-0.458968	-0.195103	-1.22896	-0.181012	0.340265	0.661722
LLPH	0.707673	1.30752	-0.255315	-0.147474	-2.57379	-1.26347	0.09609	-0.00946362
SUOX	-0.701861	-1.11139	-0.464562	-0.228357	0.246599	-0.36301	-0.440814	-2.2814
ZSCAN29	-0.378461	-1.03278	-0.109025	0.295681	0.773623	0.340597	0.333893	0.697223
TAF4B	0.709208	1.13302	0.13951	0.820164	0.557773	-0.0806099	-0.140076	1.40313
FEM1A	-0.730451	-1.09229	-0.65404	-0.609542	-1.18404	-0.757013	0.0254484	0.447051
JTB	-1.13712	-1.23225	-0.879328	-0.58728	-0.647879	-0.577134	0.190689	0.872142
SNRPG	0.193013	1.28914	-0.934047	-0.0162171	0.195203	0.119855	0.621552	1.41404
ALAD	-0.257379	-1.20271	-0.204356	0.305943	0.659821	-0.370389	0.456002	-0.577004
MSRB2	-0.424311	-1.14382	-0.533401	-0.698148	-0.0768609	-0.130207	0.286203	0.25851
PRSS23	-0.0485813	-1.21336	-0.315691	-0.590241	-1.08902	-0.659403	-0.0259358	-1.71943
MZT2B	-0.756969	-1.16806	-0.121128	-0.224239	-0.709585	-0.410066	0.652578	1.05805
GGPS1	0.572052	2.08269	0.783366	1.23116	1.59271	0.227512	0.0407051	-0.338278
DGKE	0.194688	1.87411	0.122454	-0.257031	0.966268	-0.552981	-0.455839	0.134985
PSMG3	-0.495692	-1.23924	-0.370792	0.15236	-0.351828	-0.135466	0.247156	1.65107
IGF2BP1	0.0595325	2.28914	0.0732316	-0.148755	0.690554	0.0342066	1.29962	0.746611
ANKLE1	0.245672	1.84168	0.226418	-0.362213	-0.0702581	0.736526	-0.115414	0.331573
RPL26	-2.69446	-1.0219	-1.34867	-1.75813	-1.35382	-1.4428	-0.357337	0.245726
ATF3	2.33047	1.37737	1.24708	1.65362	1.52342	1.63923	-1.99411	-0.681138
TTC14	0.354932	1.17131	0.478089	0.0528245	1.16732	0.603259	-1.0022	-1.02261
CEP44	0.141649	1.55218	0.513039	0.285659	1.36397	0.0844493	-0.182217	-1.03006
PRMT9	0.229098	1.70418	0.34798	-0.153626	0.358585	-0.345936	0.106978	0.201805
NDUFB8	-1.24419	-1.18216	-0.220549	-0.829819	-1.96188	-1.66202	0.714661	1.13127
MYRFL	1.92374	4.22774	2.27641	0.0528245	-0.655221	1.73653	-1.11541	0.916536
RPL27A	-2.27355	-1.08026	-0.767	-1.07411	-1.31741	-1.77592	-0.157092	0.555001
HSPBAP1	0.146136	1.2485	0.415501	-0.172735	1.07658	0.0584541	0.263098	0.916536
ATF5	1.58916	1.28914	1.83583	0.667534	0.0452191	1.22195	0.884586	2.33157
CXCL8	0.660709	2.40462	2.05401	1.05282	-0.655221	0.736526	-1.90951	-0.82865
BBLN	0.940092	-1.18034	-0.634487	-0.532138	-1.92966	-0.12597	0.440979	0.829073
SNCG	-1.07626	-1.17553	-0.428228	-2.75453	-3.39219	-0.585402	-0.404921	-3.12786
DDIT3	3.54172	2.37094	4.56764	3.95972	3.36715	4.17393	0.0629232	2.50571
CCDC85B	-1.13716	-1.06552	0.0133713	-0.532138	-1.38693	-0.626044	0.81721	1.01375
SELENOW	0.397675	-1.19852	0.13951	0.415395	1.43224	-1.4334	0.884586	2.03939
ABCA13	0.679818	1.33645	0.13951	-0.362213	-0.485296	2.73653	-0.542835	-1.7059
ZNF678	0.280181	1.96722	-0.234556	0.168302	0.435166	0.385054	-0.655982	1.11293
RPS17	1.86234	1.87411	2.73897	-0.532138	-0.195789	0.736526	-1.11541	-0.668427
C11orf54	0.56585	1.22501	0.558993	0.163856	2.7371	0.221953	0.180042	-0.220968
HMGN4	-0.254962	-1.08432	-0.664544	-0.103901	-1.03373	-0.0570231	-0.115414	-0.228385
SUMO3	-0.668577	-1.15642	-0.88597	-0.534132	-1.07026	-1.19308	0.411289	-0.382732
SIVA1	-1.23048	-1.00386	-0.54824	-0.392413	-0.89304	-0.666726	0.458053	0.385512
UBOX5	-0.40968	-1.00631	0.613441	0.0528245	1.0961	-0.263474	0.104552	-0.270463
IFITM2	-0.563851	-1.05443	-0.0408698	-0.412839	-1.9522	-2.26347	0.307347	0.466661
ZNF17	0.640245	2.40462	0.613441	-0.329046	0.262317	-0.111471	-0.308059	0.791005
C15orf61	0.129296	-1.16255	-0.28563	0.127787	0.354627	0.538587	0.407007	1.20127
PNRC2	0.82356	1.22355	0.0495398	0.878795	-0.213216	0.736526	0.721087	1.22466
SDHAF3	0.182056	-1.00364	-0.0880358	-0.196789	-0.483709	0.015242	0.3411	1.27017
COL27A1	0.371203	2.28914	0.806086	-0.216362	0.207276	-0.400978	-0.157234	0.524218
KIF13B	0.330862	1.10857	0.0284782	0.000357086	0.514704	-0.170365	0.01517	-0.03861
ZNF84	0.497859	1.25672	0.684699	0.559784	0.830206	1.79097	0.129005	1.74383
SOWAHC	-0.643625	-1.03278	-0.37362	-0.347713	-1.2629	-1.40098	-0.761777	-0.987495
ETFRF1	0.240654	2.28914	0.164456	0.991424	-0.517717	-0.378951	-0.0940404	0.435409
TRAJ4	2.44921	1.89683	-0.971522	-0.947175	-0.0702581	-0.263474	-2.11541	-1.08346
RPS29	-1.86878	-1.172	-0.77836	-1.03635	-1.94449	-0.945298	0.324189	0.858859
BBIP1	-0.831995	-1.21009	-0.534313	0.249222	0.592707	-0.111471	0.400984	0.76926
MCRIP1	-0.262705	-1.05938	-0.0274782	-0.327599	-0.940281	-0.129457	0.327934	0.787802
ZNF2	-0.151024	1.87411	0.876475	0.200923	0.988636	1.03609	1.071	1.14602
DHRS11	-0.176561	-1.22182	-0.781419	0.471429	0.187423	0.0319819	0.355892	0.530353
RPUSD1	-1.0048	-0.265446	-0.480535	-0.694409	-1.83095	-1.47158	0.359495	0.557455
STAB1	3.32367	1.28914	0.613441	0.0528245	-1.65522	-0.263474	-0.115414	0.331573
SYT7	-1.06014	0.0761495	0.443516	0.959715	-1.15772	-1.5854	0.0545109	0.791005
SLC6A16	3.12014	-0.295819	0.613441	0.467862	-0.485296	0.151564	-0.115414	0.331573
PYGM	3.46806	0.704181	-0.386559	-1.53214	-1.07026	-0.263474	-1.70038	-1.25339
ATP2A3	-1.02735	-0.234419	0.125647	-0.976923	0.152134	0.277094	0.469548	0.916536
SEPHS1	-1.01041	-0.447822	-0.101402	-0.290279	-0.297669	-0.807794	0.354569	-0.849596
HBQ1	-1.05918	-0.295819	-0.971522	0.637787	-1.82515	-1.00044	-0.115414	0.331573
CABP7	3.66071	-0.295819	0.613441	-0.947175	-1.07026	0.736526	-0.115414	0.331573
ASB2	2.83063	-0.295819	1.61344	2.05282	0.344779	2.32149	-0.115414	0.331573
TELO2	-1.02133	-0.071113	-0.132584	-0.302564	0.0190092	0.151564	0.0011486	-0.654379
COL20A1	3.12014	-0.295819	0.613441	1.05282	-2.24018	1.32149	-1.11541	-0.668427
CCM2L	3.5676	0.289143	1.61344	0.0528245	-0.195789	3.01663	-1.11541	-1.66843
CACNA1F	4.24567	-0.295819	0.613441	0.0528245	-1.65522	0.736526	-0.115414	1.33157
CD33	3.98264	0.441146	-0.386559	0.0528245	1.5147	0.736526	-0.182051	0.442419
CLEC11A	-1.04501	-0.710857	0.613441	0.0258575	-0.718786	-0.497939	0.714661	1.33157
KLF1	2.66071	-0.295819	0.613441	0.0528245	-1.24018	0.736526	0.884586	0.331573
CUBN	3.46806	-0.295819	-0.386559	0.0528245	-0.0702581	0.736526	1.00006	1.06854
RPS15	-1.00018	-0.255249	-0.506854	-0.53195	-1.42016	-1.33483	0.561107	0.616141
PROC	3.87016	0.704181	0.261139	0.0528245	-1.65522	-0.263474	1.46955	2.13893
TRIM62	-1.03263	-0.0893684	-0.871986	-0.617027	-1.09132	-1.32237	0.370013	-0.611843
CRYGD	-1.01306	-0.295819	0.613441	-0.309746	-0.807224	-0.678511	-0.115414	0.331573
CCND2	-1.04416	-0.295819	0.613441	1.13083	1.5147	0.678811	-0.115414	3.13893
FLVCR2	-1.05918	0.119218	0.350406	0.332932	-1.00314	-2.4334	-0.300998	-0.385241
FKBP1B	-1.05033	0.289143	1.61344	-0.568664	-0.693695	-1.96391	0.14762	-1.99035
FAM124B	2.83063	-0.295819	0.613441	1.46786	-1.65522	0.736526	-0.115414	0.331573
TRIP10	-1.01261	-0.49355	-0.464069	-0.834281	-0.257057	-0.678511	0.291099	-0.48698
NCLN	-1.01324	-0.562923	-0.433608	-0.637807	-1.23857	-1.22481	0.100874	0.0127428
FAM83C	2.77619	-0.295819	0.613441	0.0528245	-1.65522	0.736526	-0.115414	0.331573
LRFN3	-1.00914	-0.295819	-0.386559	-0.563847	-1.19579	0.0584541	-0.161218	-1.209
CHAC1	4.61392	0.675422	4.00772	3.63779	4.16354	2.88092	-0.970598	-1.78989
KLF16	-1.01615	-0.454081	-0.189113	-1.28666	-2.08985	-1.31933	-0.0199945	-0.0309968
TNNT3	3.33878	0.704181	-0.971522	0.0528245	-1.65522	0.736526	-0.115414	0.331573
GSC	-1.00767	-0.295819	0.613441	-0.663383	-1.28083	-0.737405	-0.115414	0.331573
RPS15A	-1.02272	-0.831872	-1.31756	-1.77315	-1.9024	-1.2945	0.193172	1.34659
CCDC102A	-1.02518	-1.29582	-0.141447	-0.387748	-0.69041	-0.531963	-0.00849888	-1.19894
AOAH	3.46806	-0.295819	0.613441	0.0528245	-0.0702581	0.736526	-0.115414	1.33157
TPGS1	-1.05895	0.134815	-0.519826	-0.458137	-1.11269	-1.02901	0.184146	-0.198941
IGSF11	-1.0555	-0.295819	0.613441	0.190328	-0.333293	2.05845	-0.115414	0.331573
EPHA1	3.46806	0.332212	0.613441	0.0528245	-1.65522	0.736526	0.884586	0.331573
PTGES	-1.00226	-0.253999	-0.708487	-1.71271	-0.825146	-1.07083	-0.288529	-0.395232
MFSD14A	4.12014	-0.295819	-0.386559	-0.947175	-1.65522	0.736526	0.036589	-0.0309968
AP3S2	2.76762	0.704181	-0.193914	0.900821	0.308253	0.736526	0.884586	1.55397
RHBDL2	3.46806	-0.295819	0.0284782	0.0528245	-1.65522	0.736526	-0.404921	0.679497
HSF2BP	2.85335	-0.295819	0.0284782	0.467862	0.929742	1.54388	-0.363342	0.941627
S100B	2.83063	0.704181	0.613441	0.0528245	-1.65522	0.736526	-1.11541	-0.668427
ALKBH4	-1.00672	0.364694	-0.345917	-0.346783	-1.10317	-0.863867	1.05451	0.533207
RPL8	-1.04549	-0.120175	-0.323669	-0.592238	-0.836902	-0.849098	0.00333486	0.776962
KLHL21	-1.04624	-0.724663	0.221862	-0.898266	-0.360773	-0.765974	-0.649887	0.0486393
RFTN2	2.66071	-0.295819	0.613441	-0.139821	0.666707	0.736526	0.884586	-0.668427
DPPA2	2.66071	-0.295819	0.613441	0.637787	-0.655221	0.736526	-0.115414	0.331573
FXN	-1.03444	-0.103174	0.902947	-0.979597	-1.39649	-1.17036	6.31305e-05	-0.253389
MAMDC2	3.46806	-0.585326	0.227508	1.63779	-1.07026	0.736526	-0.115414	-0.668427
SSMEM1	3.46806	-0.295819	0.613441	0.0528245	0.344779	0.736526	0.884586	0.331573
NOXRED1	4.12014	-0.295819	0.613441	0.0528245	1.15213	0.736526	-1.11541	-0.668427
DIPK1B	-1.0486	-1.03278	0.613441	-0.380686	-1.63066	-0.820691	-0.115414	0.331573
BRD7	-1.0518	-0.518212	-0.895573	0.24547	-0.573921	0.0319819	0.370013	-0.09727
NOD2	3.16321	-0.295819	0.350406	1.05282	-0.333293	-0.263474	-1.11541	-0.668427
ZNF668	-1.00914	0.350544	0.170922	-0.144212	-0.0869369	-0.189473	-0.180265	0.198818
NUDT8	-1.03375	-0.433323	0.0284782	-0.297673	-0.751081	-1.35863	0.344018	-0.00546169
PTF1A	2.83063	-0.295819	0.613441	-0.947175	-1.65522	0.736526	-0.115414	0.331573
GBX2	-1.06176	-0.295819	-0.234556	0.415395	-0.195789	-0.678511	1.46955	2.91654
GPRIN1	-1.04392	-0.636856	0.042284	-0.665763	0.162403	-0.301948	0.144453	-1.03371
UMOD	4.24567	-0.295819	0.613441	0.0528245	-1.65522	-0.263474	-0.115414	0.331573
TAS1R3	3.19676	-0.295819	1.1984	0.0528245	-0.655221	0.736526	1.46955	0.331573
VAT1L	4.67863	-0.0327849	1.78337	-1.94718	0.666707	0.736526	-0.115414	1.33157
SYNPO2	2.83063	0.0261088	0.333333	1.05282	-0.655221	0.736526	-0.115414	-0.668427
FUT9	3.46806	-0.295819	0.613441	0.0528245	-1.65522	0.736526	-0.115414	0.331573
SNX32	3.12014	-0.295819	0.613441	0.0528245	-0.0702581	0.736526	-0.115414	1.33157
C11orf80	-1.04556	0.841684	-0.276376	-0.110674	0.617798	-1.4334	0.387086	0.0196293
C9orf131	2.66071	-0.295819	-0.386559	0.0528245	-1.65522	-0.263474	-0.115414	0.331573
RPL4	-1.04427	-0.413015	-0.482395	-0.676115	0.272892	-0.766532	-0.226775	0.777535
B4GAT1	-1.05718	0.527303	-0.772838	-0.318244	0.584957	-0.731753	0.0988371	-1.86238
PFN4	3.24567	-0.295819	2.1984	2.05282	-0.0702581	1.73653	-1.11541	-0.668427
CTXN1	-1.0491	-0.543747	-0.201004	-0.151995	-0.872812	-0.333863	0.450183	0.935645
VWA1	-1.02022	-0.714532	-0.708487	-0.851598	-1.14503	-0.790721	0.434783	-2.15385
KCNA4	3.12014	0.289143	-0.971522	-0.532138	-1.65522	0.736526	-0.115414	0.331573
H2BC21	-1.04531	-0.0818045	-0.746561	-0.151194	0.29134	-0.69801	0.755303	-0.742427
SHC4	2.66071	-0.295819	0.613441	0.637787	0.666707	0.736526	0.884586	-1.66843
SERTAD1	-1.05918	-0.166051	0.230112	-0.321571	-1.33972	0.0844493	-1.73904	-1.40308
C1D	-1.05346	0.119218	0.31971	-0.269104	-0.364828	-0.170365	-0.45201	-0.0586608
KLHDC1	3.46806	1.70418	1.61344	0.0528245	0.666707	0.151564	-1.70038	-2.25339
MUC2	3.5676	-0.295819	1.61344	0.0528245	-0.655221	2.73653	-2.28534	1.48358
KTI12	-1.01172	0.704181	-0.348085	0.0528245	-1.05115	-0.465108	-0.714052	0.61488
CCDC167	-1.03662	0.540682	0.691443	-0.121426	-1.00025	-0.511401	0.345138	-0.112527
GP1BB	-1.06014	-1.03278	1.4208	0.24547	-1.5269	-0.585402	0.884586	0.331573
RAET1G	-1.06014	-1.29582	-0.166229	-0.0915654	-0.432828	-1.26347	0.238223	-0.838352
NOTCH4	3.24567	-1.29582	-0.386559	1.05282	0.152134	0.736526	-0.115414	0.331573
SAP25	2.66071	-0.295819	1.61344	0.0528245	-1.65522	0.736526	0.884586	0.331573
TRAV8-6	3.46806	-0.295819	0.613441	1.63779	-1.65522	0.736526	-0.115414	0.331573
TAS2R14	3.46806	-1.29582	-0.386559	0.637787	-2.24018	0.736526	-0.115414	0.331573
C4orf48	-1.02549	-0.634621	-0.545758	-0.0965531	-2.12116	-1.14483	0.156546	0.480888
ACTN3	2.67598	-0.474525	0.613441	-2.2691	-2.65522	-1.26347	-1.11541	-0.668427
AP5B1	-1.01575	0.0984597	-0.469021	-0.929254	-0.553341	-1.30977	-0.0342773	-1.12786
RNASE4	-1.05354	-1.44782	-0.0970527	-0.110674	-0.577218	0.151564	-0.32901	-4.43661
ZNF559-ZNF177	2.83063	-0.295819	0.613441	2.05282	-1.07026	0.736526	-0.115414	0.331573
ENSG00000283128	2.83063	-0.295819	0.613441	-0.947175	-1.65522	0.736526	-0.115414	0.331573
ENSG00000288614	-1.02735	-1.46574	0.0284782	-0.236682	0.929742	0.414598	-0.0223047	-0.575317
ENSG00000288623	-1.02895	-0.617747	-0.971522	-0.77725	-2.24018	0.321489	-0.477984	-1.25339
MCUB	-0.642868	-0.0327849	-1.13992	-0.266996	-0.648234	-0.597893	0.18944	-0.897909
THSD7A	0.201278	-0.295819	3.4208	1.86018	0.666707	0.736526	-0.115414	0.331573
LRRC7	2.24567	-0.295819	2.48791	0.0528245	-0.655221	0.736526	0.884586	0.331573
METTL22	0.5676	-0.59538	-1.12352	0.188176	-0.496791	-0.19636	0.78791	-0.137912
PTPN18	-0.667478	-0.973891	-1.15209	0.121537	-0.445003	0.85682	0.347112	0.273626
EDN1	-0.924253	1.02611	1.60095	1.37475	-1.65522	0.736526	-1.11925	-0.102726
FKBP1A	-1.24746	-0.322786	-1.43719	-0.400801	-0.201152	-0.154245	0.143673	0.924398
SI	0.660709	-0.295819	2.78337	0.0528245	-1.65522	0.736526	-0.115414	0.331573
ZNF268	0.508706	0.566677	2.2573	0.724202	1.04522	0.0584541	-0.862648	1.18638
NLRP1	1.5676	-1.61775	1.37243	0.637787	-0.0702581	0.151564	-0.133676	-0.98131
MKNK2	-0.822991	-0.706452	-1.31256	-0.776064	-1.49984	-0.876451	0.339424	-1.17725
PNPLA3	-0.287168	0.441146	1.66075	-0.560993	-0.316419	-1.67156	-0.700377	0.505603
BBC3	0.316375	-0.386017	2.1984	1.09722	2.17916	1.48499	0.446465	0.187183
GIT1	-0.615808	0.0304089	-1.16234	-0.474422	-0.506991	-0.792402	0.285948	-0.344685
CCL7	0.660709	-0.295819	-1.5792	0.0528245	-1.65522	0.736526	-0.115414	0.331573
CDK2AP1	-0.577314	-0.423827	-1.00979	-0.267056	-1.69739	-0.490543	0.260734	0.146218
PTP4A1	0.992269	0.954159	1.80512	1.56907	1.36715	2.85852	-1.13444	1.61649
POLR3G	0.106029	-0.194124	-1.06774	-0.970076	-1.02826	-2.04108	0.113673	0.508193
STC2	2.33216	0.347175	1.40263	2.73973	2.80364	2.32451	-0.692709	0.745237
ZBTB47	0.73706	-1.88078	-1.30712	-0.988996	0.0026734	-0.920586	0.486622	0.168075
IL1A	0.660709	-0.295819	2.7009	0.0528245	-1.65522	0.736526	-1.30806	-0.208995
CCL20	-0.339291	-0.295819	3.1984	0.0528245	-1.65522	0.736526	-1.11541	-0.416888
MIIP	-0.300337	-0.390977	-1.10277	0.442391	-0.749138	-0.533563	0.386335	0.833322
TNFAIP3	-0.438826	0.552178	1.7057	-0.362213	-0.0702581	1.47349	-0.221456	1.61435
TGIF2	-0.524547	-0.0734269	-1.33409	0.111241	-0.25833	0.447019	1.33389	1.41249
MAPKAP1	0.331402	-0.632854	-1.06348	-0.243417	-0.937951	-0.938634	0.502413	-0.230306
OGFRL1	-0.282364	-0.973891	-1.087	-0.152494	-0.568921	-0.327604	0.226505	0.0752335
TIMM8A	-1.06959	-0.402734	-1.32998	-0.422514	-0.956601	-0.317922	0.114068	0.997154
ADM2	1.76025	0.289143	2.72892	3.22275	1.92974	1.95892	-1.43734	1.33157
ATF4	2.33763	0.908136	4.13985	3.11283	2.23124	2.25839	0.166562	1.33475
EGLN3	-0.19863	-0.973891	-1.01188	-0.607689	-1.22226	-1.90733	0.307688	-1.34004
SSBP4	-0.540924	-0.268339	-1.06937	0.120463	-1.7206	-0.0410816	0.665946	0.740964
GDF15	0.798213	-0.085508	1.6265	-0.0991786	2.04522	2.73653	-0.650003	2.13788
SESN2	1.84715	0.612258	2.49096	2.50155	2.75544	1.83205	-0.399207	1.17383
TRIM21	0.17221	0.317158	-1.02399	-0.922085	-0.432828	0.906451	-0.115414	-0.402767
IL6	0.660709	-0.295819	1.4208	0.0528245	-1.65522	0.736526	-1.92277	0.756879
SMAD6	0.0135904	-1.43332	1.44994	0.458584	0.190269	0.63699	0.562658	-0.668427
DUSP5	-0.596448	0.320852	1.44743	-0.75453	-1.24018	-1.84844	-1.33717	-1.42668
PMAIP1	1.21945	0.413731	1.56155	1.30574	0.619242	0.966532	-0.700377	1.08765
WDTC1	-0.15192	-0.0893684	-1.24454	-0.432602	0.0974693	0.406377	0.691941	-0.793958
EIF2D	-0.0911955	-0.180342	-1.07462	-0.295553	-0.314184	-0.234328	0.227032	-0.0669761
SLC20A1	-0.192304	0.294017	-1.01679	-0.832148	0.0287199	-0.415477	-0.498515	-1.92441
EIF4EBP2	-0.130275	-0.895281	-1.03292	-1.15868	-2.11227	-1.63693	-0.148581	-1.73554
TLCD4	0.113222	-0.658389	-1.29802	0.0986282	-0.348559	1.32149	-0.398144	-1.15875
HOMER1	-0.0615865	0.0912038	-1.15209	-0.143573	0.208718	-1.10478	0.461374	0.0035191
ABCA5	0.48253	0.206681	1.72892	0.24547	1.66671	1.32149	-0.521406	-0.0744191
ASZ1	1.66071	-0.295819	2.4208	0.0528245	-1.65522	-0.263474	-0.115414	0.331573
TYSND1	-0.624507	0.119218	-1.16417	-0.183782	0.35355	0.00534278	0.036589	1.24138
DHRS4	-0.0812743	0.211141	-1.50204	-0.630702	-0.527465	-0.0290087	0.227474	-1.02598
ISL2	0.641147	0.63018	1.61344	1.12321	0.914945	0.506228	-0.957873	-1.46198
SLX9	-0.621492	-0.295819	-1.22306	-0.911552	-1.00752	-1.06098	0.453154	0.815252
COL6A3	0.982637	-0.295819	3.4208	1.05282	-4.46258	3.05845	-0.291566	-0.656984
MTHFD2L	-0.676066	0.244749	-1.11238	-0.821645	-0.521954	-1.46511	-0.0210867	0.00476299
SAP30L	-0.180763	-0.295819	-1.46456	-0.166185	-0.375113	-0.370389	-0.0450248	-0.717336
ZFYVE1	0.38553	0.332212	1.67757	0.158178	-0.1109	0.958918	0.011498	-0.753818
LDHD	0.553794	1.02611	3.61344	0.860179	2.43224	0.321489	1.88459	0.331573
RBPMS2	-0.63007	-0.456284	-1.53856	-0.262049	-2.14065	-0.848436	-0.115414	-2.66843
PRRX2	-1.92425	0.206681	2.61344	0.0528245	-2.65522	0.736526	1.46955	0.331573
DDIT4	2.16213	0.623369	1.78337	2.04027	2.4746	1.51007	1.36539	0.0312773
UBE2E3	-0.298457	-0.295819	-1.04367	0.207668	-0.808467	0.104258	0.18944	0.339268
RNF26	-0.816408	0.0196825	-1.04552	-0.524942	-1.41915	-0.407864	-0.228462	-2.18603
PPP1R14B	-0.743083	-0.802172	-1.18452	-0.374388	-1.3822	-1.19636	-0.05295	0.903712
TNFRSF10D	-0.493619	-0.979084	-1.12352	-0.550754	-0.684367	0.0446483	-0.979654	-1.42932
MLF1	-0.254794	-0.0507068	-1.087	-0.532138	-0.541401	-1.07792	-0.00536054	0.0074443
GALNT11	0.0168532	-0.188904	-1.07106	-0.349274	-0.873126	-0.111471	0.30299	-2.23997
CITED4	-0.815729	-1.03278	1.38716	-0.795172	-1.24018	0.514134	0.562658	-0.990355
H3C13	-0.865917	-0.295819	-1.20418	-0.335281	-1.57466	-1.66259	0.551564	-0.20207
KLHL25	-0.695052	0.57865	1.50653	0.121537	-0.100632	-0.543582	-0.587483	0.114762
ZFP90	0.302023	0.704181	2.52033	1.08197	0.972811	1.01216	0.214735	0.372215
IFIT1	0.0268373	0.289143	-1.26103	-0.481512	0.804211	-0.848436	-0.0175668	-0.800877
RPS23	-1.38947	-0.316958	-1.01948	-1.27565	-0.625532	-1.67604	0.0272756	0.876035
PTMA	0.347648	-0.401271	-1.00473	-1.27012	-2.16295	-1.18433	0.590408	-0.259861
DNAH17	0.438317	-1.29582	1.4208	-0.947175	1.5147	0.736526	-2.43734	-1.99035
ZNF724	-0.971559	0.289143	2.4208	0.637787	0.460257	2.05845	-0.115414	1.6535
ZNF860	0.660709	0.511536	1.69144	0.0528245	-0.655221	-0.263474	0.691941	0.331573
RPL37A	-1.22316	-0.517534	-1.11605	-1.38547	-2.60848	-1.62283	-0.245596	0.806927
CSF2RA	1.98264	0.382253	2.27641	0.0528245	-1.65522	1.73653	-0.893022	-0.668427
ZNF783	0.861407	0.552178	1.37243	1.06877	0.817267	1.12884	-0.235708	1.79624
RNPS1	-0.501616	-0.495689	-1.05138	-0.218478	-1.16951	-0.702678	0.0203788	-0.56728
MLLT11	-0.924253	-1.29582	-1.07462	-0.0329054	-1.24018	-0.585402	0.232746	-0.764186
SYNJ2BP	-0.0601365	0.0261088	-1.31256	-0.947175	-0.310085	-1.76597	0.541698	-0.198941
AS3MT	0.475792	0.704181	-1.02702	-0.374597	1.16354	-0.36301	-0.115414	-1.40539
CYB5RL	0.841282	0.119218	2.61344	0.0528245	0.37226	1.62961	0.106978	-0.253389
AQP1	1.95617	-1.37382	1.7543	0.0528245	-0.0702581	0.736526	-2.11541	-1.66843
ZNF674	-0.0221004	0.0667508	1.67757	0.875947	0.344779	0.958918	0.0220894	0.401963
ZNF253	-0.754328	-0.295819	2.4208	0.0528245	-1.65522	1.73653	-1.11541	-0.668427
TXNIP	1.42657	-0.295819	2.67432	1.6491	3.62344	2.91975	0.559129	4.04568
ENSG00000267699	0.0936688	-0.151429	-1.22306	-1.63905	-0.655221	0.151564	0.106978	-0.874878
GABRQ	-1.84179	-0.0157114	-1.0426	0.374753	0.344779	0.736526	-0.115414	0.331573
ENSG00000273398	-0.146646	-1.88078	2.61344	0.78979	1.71401	-0.433399	0.077231	-0.153854
ENSG00000289051	-1.47054	-1.99626	-1.02702	-0.188184	-0.405607	-0.0410816	0.824213	1.23373
FKBP4	-0.444051	0.230449	-0.319367	-1.00684	0.168947	-1.59235	0.124693	-0.256997
LRRC23	0.957691	-0.295819	1.4208	2.11172	0.384308	3.05845	-0.0191988	0.427789
UTP18	0.126706	0.00141004	-0.183514	-1.08303	-0.335284	-0.94684	0.0530455	-0.272557
PLEKHO1	-0.397435	-0.295819	-0.29345	-1.04028	-0.805463	-0.770434	0.139515	-1.51885
PARP3	0.830634	0.534256	-0.357413	1.97882	0.864154	0.736526	0.232509	-0.320503
CALCRL	1.36115	0.289143	-0.386559	2.05282	0.804211	1.73653	-0.371754	-1.0503
ASNS	1.79168	0.363176	0.699782	2.00122	3.3049	2.7221	-0.34973	-0.243879
RPS6KA2	1.2369	0.289143	0.285866	2.08031	1.19027	1.22195	-0.700377	-0.253389
VPS9D1	0.915966	-1.10317	1.09887	2.75326	2.04522	1.73653	-0.240945	-0.931461
RPS5	-1.2535	-0.80747	-0.526673	-1.05664	-1.91785	-1.35723	-0.0664163	0.985535
EPB41L1	-0.0831923	-0.388929	-0.143125	-1.0568	-1.07026	-0.626044	0.636198	-0.63928
DZANK1	0.245672	1.02611	0.0284782	1.97882	0.219248	0.321489	-0.267417	0.963842
PHF5A	-0.171337	0.157438	-0.331618	-1.03571	-0.752227	-0.881452	0.163603	0.195553
PCK2	0.87871	0.131602	0.605358	2.22529	3.70233	3.47937	-0.141152	-1.19234
AP3B2	-0.741389	-1.29582	0.613441	1.97882	1.5147	0.736526	1.88459	0.331573
RPL18A	-2.83745	-0.147721	-1.66896	-1.05923	-3.27671	-0.918826	-0.535128	1.57581
RNF32	0.776187	0.119218	0.613441	3.22275	1.02285	0.736526	-1.70038	-0.253389
RPL28	-1.30952	-0.812373	-0.953522	-1.09719	-1.70366	-1.35672	-0.156534	0.697108
CHKA	-0.278749	-0.393116	-0.316738	-1.04005	-0.405861	-2.08944	-0.247326	-0.185002
AKAP3	2.17528	2.28914	-0.386559	3.22275	1.25167	3.73653	-0.115414	1.33157
VDR	-0.204748	-0.328241	-0.183026	-1.10945	0.110314	0.151564	-0.177878	0.738949
COX6A1	-0.924253	-0.295819	-0.386559	2.22275	-0.655221	1.73653	0.884586	0.331573
DBN1	-0.351513	-0.351947	-0.0461886	-1.04682	0.000407081	-1.4334	-0.341136	-0.472264
COX7A2L	-0.132884	-0.217817	-0.71423	-1.09157	-1.76053	-1.14288	0.0404357	0.39996
CTH	1.42041	0.238517	0.905207	2.37475	3.44492	2.75986	0.036589	-1.25339
NPC2	-0.667674	-0.646359	-0.462662	-1.09065	-0.983658	-0.701844	-0.303555	-0.981141
AMD1	-0.727799	0.771295	-0.228055	-1.10413	-0.894891	-1.00801	-0.409388	1.21672
PNPLA7	1.30707	-0.295819	-0.386559	2.51226	-0.485296	0.958918	-0.530452	-0.668427
BRME1	-0.142254	0.704181	-0.234556	-1.03464	0.743329	-0.111471	-0.285339	-1.25339
ZBED3	1.21251	-0.295819	0.733735	2.09912	1.20538	1.32149	-0.0158784	0.431109
PDZD2	0.361149	-0.295819	-0.45069	2.86018	-0.847866	2.73653	-0.530452	-1.66843
DSC1	2.98264	-0.295819	0.613441	3.51226	-0.655221	0.736526	-0.115414	0.331573
AMHR2	-0.381111	-1.29582	0.613441	2.71579	0.585787	0.151564	-0.115414	0.331573
EIF4E2	-0.30008	-0.60033	-0.112812	-1.01184	-1.30964	-1.27246	0.1959	-0.394106
HS6ST1	-0.628797	-0.135355	-0.386559	-1.07271	-1.77721	-1.02901	0.0545109	-0.208995
LMX1B	0.0375637	-0.00631267	0.613441	-1.0568	-1.10001	-0.617111	-0.115414	1.33157
RPS6	-1.09119	-0.350437	-0.717351	-1.07069	-1.80835	-1.03758	-0.317642	1.0539
CYP1B1	1.76025	-0.295819	0.511903	3.22275	-0.240183	2.73653	-1.33781	-1.47578
RPS24	-0.358288	-0.728496	-0.397853	-1.09542	-1.41326	-1.32132	-0.0900384	0.501223
MDH1B	1.24567	-0.196284	0.391048	2.05282	1.96927	1.15156	-0.115414	-0.668427
HCN4	-0.476794	-1.88078	-0.386559	2.05282	0.081745	1.73653	-1.11541	-0.668427
INHBE	1.94082	1.92657	2.93537	3.75326	2.94964	4.43697	-0.363342	0.543077
PTRH2	-0.559597	-0.66016	-0.505547	-1.05656	-0.557999	-1.06143	-0.446522	0.814383
DPP9	-0.521899	-0.455018	-0.397964	-1.06658	-0.485296	-1.16446	0.294338	-0.280501
RPL11	-0.674446	-0.638646	-0.640949	-1.10588	-1.59627	-1.27185	-0.18907	0.939654
RPS8	-1.53188	-0.580307	-0.564385	-1.05888	-1.95467	-1.33125	0.0509017	0.814933
ANKRD31	0.397675	-0.295819	0.613441	2.05282	1.75982	0.736526	-0.115414	0.331573
CCNB3	1.36115	-0.0327849	-0.386559	2.78979	1.21925	1.4146	-0.327853	-1.86298
POLR2K	-0.634893	-0.808269	0.0322109	-1.07393	-0.856578	-0.992402	0.191122	0.102294
NOTCH1	-0.86615	-0.173829	-0.365186	-1.10003	-1.0495	0.641369	-0.0355307	-0.175357
SLC7A11	2.20098	0.414391	0.36841	2.98694	3.11485	3.18656	-0.843675	-1.74767
LCA5L	1.66071	-1.88078	0.613441	2.75326	2.59271	-0.263474	-0.115414	0.653501
RPL9	-2.63045	-0.351314	-0.375912	-1.07888	-1.79692	-1.87116	-0.773946	-0.30131
SMIM12	-0.72648	-0.295819	-0.0398278	-1.09655	-1.13299	-1.56115	0.225623	-0.317929
RAB8B	-0.284684	-0.649456	-0.495681	-1.02284	-1.03784	-0.111471	-0.188346	0.744069
TUBA1C	0.0639914	-0.386215	-0.0717635	-1.09565	0.00609276	-1.07802	0.148859	-1.65748
MFSD2A	-0.0613829	0.563318	0.291513	-1.08468	-1.40729	-2.35094	-0.715741	0.906995
TMEM42	0.211184	-1.71086	-0.216634	2.19578	1.18128	2.02603	0.225623	1.99959
FAXDC2	0.708015	-0.295819	0.613441	2.63779	0.432242	3.32149	0.206514	-1.66843
MRPL36	-0.405871	-0.842308	-0.762009	-1.07823	-2.22929	-1.21767	0.402434	1.06479
SPATA5L1	-0.510131	-0.339541	0.112332	-1.08127	-0.276709	-0.585402	0.235898	-0.0696772
UCP2	1.50289	1.51154	1.3031	2.25627	1.80945	1.59755	1.88459	1.33157
TUBB6	-0.446108	-0.162984	-0.199689	-1.10472	-0.435908	-1.20101	0.119548	-1.7681
NUPR1	0.660709	-1.29582	0.51526	3.12321	2.89937	3.6016	0.387086	2.19782
MYPOP	-0.846251	-0.0327849	0.443516	-1.00858	-1.44577	-1.26347	0.448487	-0.732557
C2orf69	-0.223813	-0.234419	0.398702	-1.07788	-1.24676	-1.08944	-0.182528	0.976478
FOXE1	-0.924253	-0.295819	0.132429	2.86018	-0.181289	1.05845	-0.115414	0.331573
C14orf28	1.33056	2.02611	1.1984	2.51226	1.08174	0.736526	1.46955	1.91654
RAP2B	0.116805	0.259396	-0.420507	-1.04871	-1.72773	-1.08061	0.311028	0.32392
FANCF	-0.634747	0.173666	-0.283466	2.22275	0.344779	-0.585402	0.637946	1.31081
CMKLR2	1.24567	-1.29582	0.331041	2.22275	-0.655221	0.736526	-0.0223047	-0.372034
SNRNP35	-0.273643	-0.738338	-0.771223	-1.03257	0.42113	-0.787036	-0.165746	-1.01111
KIAA0825	-1.07626	0.552178	0.234062	2.22275	-0.655221	0.151564	-1.92277	-0.668427
UBE2L3	-0.518754	0.0208531	-0.0885612	-1.04671	-2.49037	-0.963914	0.0469424	0.0978131
RILPL1	-0.307229	-0.378281	0.212903	-1.09157	-1.06006	-0.111471	0.0867748	0.381759
SAXO2	1.31279	2.02611	0.613441	2.22275	-0.333293	0.736526	0.884586	0.331573
FZD9	-1.15921	-1.29582	-0.386559	-1.09918	-1.37511	-0.0708289	0.325159	-0.668427
SLC6A9	1.1298	0.198945	0.132034	2.57903	2.31824	2.11092	0.00258312	0.281533
ARID5A	-0.905144	0.552178	-0.0145905	-1.02964	-0.980316	-0.263474	-0.0565204	-0.668427
NOL4L	-0.721161	-0.0327849	0.0408619	-1.02964	-0.480134	-0.678511	0.2785	-0.702374
RPS4X	-0.329011	-0.585456	-0.480125	-1.04533	-0.542376	-1.22323	-0.293502	0.576421
ALPK2	-0.0173625	0.289143	0.339266	2.51226	-0.0702581	1.73653	-0.339759	-1.09031
ARMCX6	-0.391379	0.218754	-0.548831	-1.01756	-0.222261	-0.0708289	0.370013	0.524218
SAMD13	0.586709	0.325669	-0.386559	2.22275	-0.0702581	0.736526	-1.11541	0.331573
MICA	-1.39106	-0.188904	-0.323134	-1.10683	-1.58913	-2.00044	-0.190032	-0.485786
ZKSCAN8P1	1.00863	-0.295819	-0.386559	2.86018	0.460257	2.05845	-0.115414	-0.668427
RBM12	0.00248461	0.570914	0.169834	-1.00951	-1.5861	-0.443023	-0.815622	-1.32616
CTSO	0.928643	1.28914	0.198403	2.18211	1.24524	3.32149	-0.0158784	-0.0834642
ENSG00000267022	-1.33929	-0.295819	0.613441	3.51226	1.34478	1.73653	0.884586	0.916536
MAFIP	-1.66122	-0.295819	0.613441	3.22275	-0.655221	-0.263474	-0.115414	0.331573
SCO2	-1.22074	-0.437175	-0.0981281	-1.05226	-1.68219	-1.58005	0.428906	-0.477285
SKAP2	0.821326	0.43042	0.0329796	0.152872	2.79544	0.614042	-0.148454	0.133474
SYNE2	0.474809	0.189608	0.386263	0.305895	-1.00669	-1.37895	-0.502816	-3.08182
SNCAIP	1.07575	0.704181	1.07287	0.342331	-1.00314	1.73653	-0.115414	0.331573
JMJD6	-0.364002	-0.0405622	-0.113275	-1.37238	-1.00025	-1.83636	-0.260178	0.0877225
SRI	0.315149	-0.315664	-0.402849	-0.379222	-1.00223	-0.89819	0.394508	-0.0305394
OXCT1	0.121627	0.112163	-0.0847903	0.116788	2.8891	0.634646	-0.0656994	-0.188078
RANBP1	-0.469776	-0.393232	-0.545887	-0.382351	-1.00979	-0.936567	0.300367	0.292375
ABHD4	0.00994482	0.474699	0.560699	1.12683	3.24363	1.12884	-0.265906	0.0874686
SNW1	0.43601	0.138981	-0.0239892	0.179369	2.94911	0.852719	-0.0970615	-0.0436585
DHRS2	0.273686	-0.497453	0.613441	0.389859	2.88704	2.01663	0.469548	1.91654
RENBP	0.166895	0.704181	2.1984	0.364769	3.34478	0.862057	-0.115414	0.916536
UBL4A	-0.757281	-0.617747	-0.653346	-0.479523	-1.00693	-0.286558	0.295218	0.383412
UBE2I	-0.0196604	-0.307693	-0.499206	-0.437501	-1.00048	-0.512461	-0.0437253	0.576292
UBXN8	-0.365714	-0.0621469	0.002006	-0.582942	-1.00833	-0.79781	-0.306713	0.107608
KCTD9	0.303157	0.100109	-0.0724507	-0.0423327	-1.00314	-1.92644	0.427113	0.0174647
CCNE1	0.0121308	-0.527766	-0.451743	-0.381578	-1.00774	-1.04369	-0.0130524	0.670375
GRPEL1	-0.384474	-0.0634566	-0.473039	-0.95694	-1.00886	-1.02247	-0.0717116	1.02007
SEPSECS	0.952476	0.40462	-0.00323065	0.863347	2.85574	1.19596	-0.170381	0.144695
ULBP1	2.39767	0.119218	1.35041	1.95972	3.15213	2.90645	-0.222329	-0.153854
SNX3	0.0356769	-0.154133	-0.555065	-0.502828	-1.00214	-0.747407	0.0795711	0.244696
MOB1A	-0.121157	0.211477	-0.316254	-0.28457	-1.00842	-0.458645	0.125966	-0.0333014
TTC31	-0.040411	-0.125894	0.543051	0.480246	2.80421	-0.330588	-0.00849888	-1.54944
SLC1A4	0.419155	0.559791	0.747165	1.88221	3.09297	2.19024	-0.722269	-0.834013
HMGCL	0.324527	-0.488464	0.368328	0.982435	2.94126	2.20467	0.0284953	0.546741
A1BG	-0.782234	0.704181	0.613441	0.415395	-1.00314	-0.963914	0.756578	0.7534
HNRNPA2B1	0.72488	0.175162	-0.262967	-0.0563166	2.74369	0.0502677	-0.0564822	-0.846392
APOBEC3F	-0.339291	0.527303	1.35041	-0.894708	2.7371	0.736526	-0.21495	0.125122
GATA5	1.10128	-0.295819	0.613441	-0.362213	-1.00314	-0.263474	-0.115414	0.331573
BTF3L4	-0.200314	-0.810392	-0.249056	-0.487744	-1.00886	-0.156559	0.288976	1.10209
PSAT1	1.36231	0.362503	0.336463	1.25958	2.74283	1.45357	-0.0655655	-0.20572
MRAP2	0.700238	-1.61775	-0.588193	-0.947175	-1.00314	0.736526	0.884586	1.33157
PREB	-0.45567	0.0506311	-0.322019	-0.110829	-1.00525	-0.568977	0.531063	0.0269598
SIX3	-0.00225563	-0.295819	-0.386559	0.374753	3.83663	-0.848436	1.29962	-1.25339
ASCC1	0.018603	0.0202082	-0.0744344	0.438664	3.65585	0.911613	-0.156441	0.253071
CARF	0.338781	-1.29582	0.0284782	0.22275	3.77104	1.90645	1.46955	1.91654
HNRNPA1L2	-0.232375	0.119218	-0.123525	-0.21021	3.55423	-0.585402	-0.989883	-0.80593
PTGR2	0.57582	-0.447822	-0.871986	0.485784	3.86834	0.473492	-0.257433	-0.580964
CTRL	-1.07626	-0.710857	1.61344	-1.75453	-1.00314	-1.84844	1.88459	2.33157
SOD1	0.190247	-0.214759	-0.395762	-0.429178	-1.00943	-0.577764	0.0203068	-0.346125
CYP4B1	0.660709	-0.295819	0.613441	0.0528245	3.37453	2.05845	-0.115414	0.00964521
ILDR2	-0.116898	0.704181	2.1984	-0.362213	-1.01367	0.958918	-0.115414	2.33157
SYTL5	0.419701	-0.880782	0.11094	0.84132	-1.01136	-0.0708289	-0.115414	0.331573
ZC3H12C	-0.00225563	0.557339	0.275024	0.259275	-1.00886	-0.0290087	-1.14516	-0.34297
PDCD4	0.664878	0.131602	-0.0879109	0.608996	2.9153	1.0691	-0.200594	-1.30628
GRM1	0.660709	-0.295819	0.876475	1.05282	3.04522	0.736526	0.884586	0.331573
GAL3ST2	0.0757469	-0.295819	0.613441	0.0528245	4.83182	1.73653	-1.11541	-0.668427
HSPA13	0.552807	0.0882519	0.500693	0.389935	3.03727	0.797927	-0.408616	-0.702452
ZNF19	0.904635	1.28914	1.02848	1.55532	3.63018	1.22195	-0.356422	0.718596
ARPC5	0.0913164	-0.442661	-0.279285	-0.405943	-1.01265	-0.557759	0.172659	-0.444303
DDR2	0.348325	-0.880782	0.0284782	1.88527	3.56717	2.56505	0.299623	-0.253389
UBLCP1	0.268015	0.067929	0.250498	0.313403	2.86549	0.263773	-0.112836	-0.162136
ZNF704	0.55451	0.566677	-0.884059	0.356217	-1.01277	-0.517231	-0.115414	0.331573
FAAH2	0.00863269	0.967215	-0.322429	-0.554858	3.04522	2.32149	0.884586	0.331573
BORCS5	0.0603168	-0.295819	-0.104788	-0.275798	-1.01136	-0.778047	0.489726	0.159106
TMED3	-0.590663	-0.606159	-0.138893	-0.471977	-1.01472	-0.563519	-0.10933	-0.0500664
GALR1	-0.339291	-0.295819	0.613441	0.0528245	4.09967	0.736526	-0.115414	0.331573
MN1	0.635618	-0.0734269	0.157062	-0.00606918	-1.00314	1.26704	-0.174308	-1.61184
KCNG3	-0.220646	0.0261088	0.172868	0.168302	-1.00989	-0.433399	-0.115414	0.331573
COPS9	-0.382131	-0.739426	-0.148631	-0.471256	-1.00993	-0.48013	0.370582	0.94547
ADCK5	0.428536	-0.743278	0.420796	0.744702	2.83663	-0.526508	0.125594	-0.542896
TIGD3	-0.158718	-1.88078	1.61344	-0.1171	-1.00314	0.151564	-0.115414	-1.25339
FUT1	0.660709	0.0785762	1.02848	2.37475	3.20276	1.73653	-0.115414	0.331573
HTR3C	0.660709	-0.295819	0.613441	0.0528245	4.79186	1.28322	-0.115414	0.331573
HES7	-0.246181	0.704181	0.0284782	-0.532138	-1.00314	0.321489	0.663817	3.04098
OAZ2	0.20217	-0.919052	-0.778877	-0.694014	-1.00441	-0.715986	0.266833	0.0157112
NPM1	-0.349256	-0.127993	0.0909074	-0.446959	3.28557	-0.464535	0.163438	0.678213
ZNF467	-0.220646	1.11922	0.613441	-0.947175	4.0727	0.321489	-1.11541	-0.668427
NXPH4	-0.57987	-0.45757	-0.386559	-0.3386	-1.00721	-1.31078	-0.278913	-1.01635
NR2C2AP	-0.122232	-0.433323	-0.46291	-0.165081	-1.01412	-1.38546	0.00857463	1.84707
TSSC4	-0.708326	-0.158316	0.0898788	-0.387748	-1.01341	-1.18286	-0.297508	0.567748
NDUFA12	0.320101	0.0969654	-0.234059	-0.506032	-1.01443	-0.920586	0.0468573	0.389551
ZNF829	0.90328	0.704181	0.613441	1.47732	3.09967	2.23903	-1.70038	-0.253389
FFAR4	0.660709	-0.295819	0.613441	0.0528245	4.5346	0.736526	-0.115414	0.331573
C3orf70	0.170904	-0.295819	1.61344	0.600312	-1.00314	-2.5854	-0.115414	0.331573
TRPV2	0.397675	0.0261088	-0.386559	0.315859	2.7371	0.736526	-0.227889	0.653501
NHEJ1	-0.224407	-0.106785	-0.199189	-0.0285638	-1.00395	-0.414034	0.547048	0.663024
COL14A1	0.225909	-0.295819	0.249029	-0.162188	-1.00314	-0.111471	-0.530452	-1.66843
HES4	-0.854825	-0.469849	-0.971522	-0.0390144	-1.0036	0.0933184	0.0545109	0.682071
TMEM201	-1.30163	-0.252427	-0.562198	-0.797352	-1.01168	-0.795194	-0.318382	0.449305
BTBD8	1.6118	1.28914	0.291513	1.41038	3.04522	0.543881	-0.0374116	-2.37892
SPOCK3	0.0215911	-0.295819	-0.137532	0.15236	2.89937	0.473492	-0.629987	-1.40539
PRMT6	-0.053201	0.0261088	-0.0710575	0.124526	-1.0122	-0.272352	0.788726	1.08493
C1orf53	-0.559557	-0.973891	-0.299096	-0.07842	-1.00036	-0.678511	-0.420269	1.02672
NHSL2	0.165945	-0.295819	0.935369	0.0528245	-1.00314	-0.585402	0.732583	-1.99035
SMN2	1.27542	1.70418	-0.740196	-0.684141	2.98864	-0.000439573	-0.240945	-1.93146
IFI30	-0.425541	-0.434339	-0.102331	-0.733772	-1.01408	-0.63473	-0.120255	0.0958281
ZNF865	0.0103709	0.214375	-0.271082	-0.0540907	-1.00669	0.672396	0.786406	0.865006
SCYL3	0.981042	1.10628	0.677571	0.615761	0.687172	3.16808	0.423006	0.187183
M6PR	-0.309284	-0.349994	-0.180343	-0.497801	-1.09867	-1.01425	-0.289366	-0.230508
CD9	-0.373665	0.0533127	-0.207194	-0.404277	0.0407732	-1.01731	-0.448713	-1.93819
TMSB10	-0.424816	-0.551019	-0.381271	-0.881472	-3.04524	-1.01129	0.37965	-0.544534
USH2A	0.660709	-0.295819	0.613441	0.0528245	-3.82515	3.3568	-4.28534	-2.25339
JKAMP	0.033026	0.172906	-0.318046	-0.452057	-1.36938	-1.00044	-0.300032	-0.627548
PRDM1	-1.14665	-1.29582	1.12801	2.37475	0.344779	2.90645	1.19125	0.543077
GAL	-0.9071	-0.712113	-0.468595	-0.590311	-1.28482	-1.02321	-0.115414	1.33157
UFD1	-0.158183	-0.161771	-0.405925	-0.493026	-0.380041	-1.01012	-0.00479116	-0.0258311
SLC24A1	0.963272	0.704181	-0.971522	0.8829	-0.0702581	3.00501	0.543549	-0.456923
PAG1	-0.0571919	1.51154	0.0284782	-0.0288593	0.00649908	-1.0209	-0.397185	-0.885657
REXO1	-0.493242	-0.213357	0.613441	-0.362213	-0.866725	-1.00764	0.187149	-0.10283
CCDC80	-0.855866	-0.295819	0.203065	0.927294	0.344779	2.99526	-0.342467	-1.6813
ATP5F1D	-0.814451	-0.754436	-0.792174	-0.634617	-1.72233	-1.0135	0.403084	0.118431
TRIB3	0.471137	-0.223669	0.676176	1.48892	1.87796	3.23354	-0.173517	0.82896
MPG	-0.802917	-0.632854	-0.446541	-0.299366	-1.16383	-1.02568	0.200966	0.513412
FSD1	-0.188367	-0.335348	-0.544101	-0.00320953	-0.571319	-1.02597	0.572642	-0.194496
DCPS	-0.231299	-0.412143	-0.280949	-0.257776	-1.23812	-1.01638	0.0680816	-0.556781
PTGES3	0.248331	0.362229	-0.284888	-0.345017	-0.756666	-1.01571	0.124892	-0.3963
TRPV4	-0.779863	-0.295819	1.61344	-0.295099	-0.655221	3.73653	-0.115414	-1.66843
CCND3	-0.449687	-0.57759	-0.299054	-0.628445	-1.2798	-1.02568	0.18534	-0.190624
SUB1	-0.0386338	-0.379286	-0.344555	-0.594523	-0.722273	-1.00791	0.193681	0.204398
PDCL3	0.350067	0.073048	0.0400291	-0.469028	-0.799611	-1.01479	0.0530916	-0.029174
VAMP8	-0.372081	0.201012	-0.520415	-0.07842	-0.999666	-1.00044	0.351712	0.373393
CCRL2	0.660709	0.704181	0.613441	0.0528245	-1.65522	3.19596	-0.115414	0.331573
CSMD2	2.24567	-0.295819	0.613441	0.0528245	-0.655221	4.19596	-0.115414	0.331573
DAD1	-0.378365	-0.549576	0.033344	-0.528666	-1.42994	-1.00116	-0.184584	0.174643
ADRM1	-0.306906	-0.434961	-0.1784	-0.714931	-0.813146	-1.00044	0.0223691	-0.612316
SEC61G	0.372905	-0.606494	-0.306149	-0.540938	-0.296033	-1.01746	-0.16594	-0.159109
PCDH8	1.12014	-0.880782	0.613441	1.19033	-0.918255	3.19596	-0.115414	0.331573
PSMB7	0.0936203	-0.0447696	-0.166154	-0.322654	-0.127941	-1.01169	0.148267	-0.119951
DUOX1	-0.339291	-0.0478918	1.61344	0.0528245	1.5147	4.42458	-1.70038	2.20604
TPM3	-0.637289	0.244262	-0.434269	-0.66988	-0.923523	-1.00044	0.214908	-0.681883
DEGS1	-0.192076	0.156493	-0.0873436	-0.746904	-0.520986	-1.01604	-0.561483	-0.274577
LYAR	-0.0398056	0.344757	-0.671572	-0.815549	-0.484014	-1.00044	-0.135552	0.31433
NDUFB11	-0.649369	-0.994052	-0.693963	-0.488989	-1.10779	-1.00367	0.11289	0.0428608
EBP	-0.985523	-0.0220585	0.168762	-0.360573	-1.1383	-1.01555	-0.000208231	-0.889057
CRB2	-1.33929	-0.295819	-0.386559	1.05282	-1.65522	3.73653	-0.115414	0.331573
ASB6	-0.779229	-0.226557	-0.146608	-0.624167	-1.2266	-1.01604	-0.178302	-0.0949051
HMCN2	1.07575	-1.29582	-0.971522	0.0528245	0.666707	3.47349	-0.115414	-0.668427
FAM171A1	-0.15272	-0.0581277	-0.708487	-0.1613	-0.682021	-1.01194	-0.00849888	0.00269245
CDH22	-0.339291	-0.295819	0.613441	0.0528245	-1.65522	2.90645	-0.115414	0.331573
ITPR1	0.240378	0.218754	0.535586	0.737951	0.0328354	3.06656	-0.615309	-1.65286
LPCAT1	-0.636075	0.126138	-0.232407	-0.850108	-1.47228	-1.00738	-0.582305	-0.59567
CCDC17	1.07575	-0.295819	0.613441	-0.947175	-0.655221	4.82399	-0.115414	0.331573
KASH5	0.660709	-0.295819	0.613441	0.0528245	-1.65522	5.59451	-0.115414	0.331573
CFL2	0.250492	-0.701384	-0.421866	-0.562074	-1.17566	-1.01699	0.113546	0.243889
NUDT5	-0.433713	-0.346224	-0.367134	-0.395617	-0.383492	-1.02393	0.0110342	0.0441047
STAT6	-0.226326	0.0261088	0.198403	0.11753	0.344779	3.26069	0.0672182	-1.28887
SLC27A4	-0.761182	-0.386585	-0.267915	-0.356346	-1.10482	-1.01149	0.130565	-0.0711859
MFSD3	-0.327856	-0.234419	-0.0845308	0.484775	-0.403682	-1.00044	0.0407051	-1.89082
BEST1	0.0757469	-0.880782	0.613441	1.63779	2.66671	4.32149	-0.600841	-0.153854
VWA3B	0.660709	1.28914	0.613441	0.0528245	-1.65522	3.54388	-0.115414	0.331573
CRTAP	-0.678244	-0.318072	-0.275639	-0.741315	-1.09334	-1.00044	-0.290124	-0.223539
COL8A2	0.660709	-0.295819	0.613441	0.0528245	-1.65522	3.02073	1.46955	1.33157
DOLK	-0.455987	-0.450542	-0.386559	-0.81269	-1.43283	-1.00044	-0.0155057	-0.479982
RBMXL3	-0.339291	-0.295819	0.613441	0.0528245	-1.65522	3.77215	-0.115414	0.331573
CD19	0.0757469	-0.295819	0.613441	0.567398	-0.539743	2.90645	-0.115414	0.331573
CYP11B2	0.660709	-0.295819	0.613441	0.0528245	-1.65522	3.54388	-0.115414	0.331573
ZBTB42	-0.201787	0.289143	0.198403	-0.532138	-1.33329	3.05845	0.791477	-1.66843
NLRP8	-0.339291	-0.295819	0.613441	0.0528245	-1.65522	3.19596	-1.11541	-0.668427
TCEAL8	-0.601462	-0.755251	-0.741306	-0.86289	-0.747216	-1.01772	0.14648	-1.1416
SLC9A9	0.641081	0.119218	0.712976	-0.15868	1.98864	2.90645	-0.500704	-0.276109
ZNF329	0.895175	0.119218	1.75094	0.690254	0.415169	3.54388	-0.667955	0.0014247
HHIPL1	0.660709	-0.295819	-0.971522	-0.947175	-2.07026	3.90645	-1.70038	0.746611
KCNJ14	-0.0762562	-0.295819	0.613441	0.637787	0.666707	3.54388	-0.115414	1.91654
FBXL6	-0.314713	0.17196	0.106481	0.894127	-0.0337322	-1.01555	0.180635	-0.418813
NKX2-5	-0.845182	-0.295819	-0.708487	-0.519912	-1.36864	-1.00764	-0.404274	-0.14689
ALYREF	-0.557196	-0.607944	-0.390057	-0.500708	-0.366731	-1.01383	0.326104	0.140144
CBX6	-0.774506	-0.531887	-0.61333	-0.920039	-0.909603	-1.01712	0.265516	0.420886
BICD2	-1.08532	-0.694915	-0.187418	-1.19772	0.0133285	-1.01425	-0.115414	0.0883437
CHP1	-0.0180524	-0.771918	-0.624469	-0.403765	-1.13327	-1.01836	-0.108428	-0.175018
ENO4	-0.26529	-1.29582	-0.708487	0.293833	0.110314	4.05845	-0.115414	-1.25339
TEX45	-0.924253	-1.29582	0.0284782	-0.362213	0.514704	3.73653	-0.115414	0.331573
CDC42BPB	0.351732	0.106279	-0.267596	0.24547	0.543683	2.85175	0.14723	-0.241726
ERICH2	1.0213	-0.447822	0.613441	-0.00857604	0.89732	3.32149	0.621552	-1.25339
AKT1S1	-0.110421	-0.616079	-0.788076	-0.502992	-1.60557	-1.02192	0.527863	0.424984
COL6A6	-0.754328	-0.295819	0.613441	0.78979	-2.65522	3.54388	-0.115414	0.331573
ARL2	-0.86671	-0.665657	-0.624599	-0.399164	-0.433819	-1.02429	0.466182	-0.170087
MRPL23	-1.95092	-0.585326	-0.971522	-0.759548	-2.05576	-1.00044	0.14762	0.219099
ALG3	-0.609952	0.0942803	-0.146717	-0.289421	-0.965658	-1.00301	-0.192675	0.7339
C5orf49	0.660709	-0.295819	0.613441	1.05282	-1.65522	3.32149	-0.115414	0.331573
FER1L5	0.660709	-1.29582	0.613441	0.0528245	-2.65522	2.82399	-0.115414	0.331573
DUSP14	-0.297062	-0.126942	-0.132222	-0.756745	-0.862379	-1.00044	-0.227162	0.0118837
CISD3	-0.489991	-0.749537	-0.524063	-0.34109	-1.14661	-1.00044	0.430981	0.926878
CLK1	0.109924	0.166808	0.271521	-0.947175	1.31563	0.349503	1.2166	2.45869
FAM13B	0.966055	1.40462	0.710957	0.563562	0.310014	0.488599	-1.14936	0.190711
MAPK6	0.379753	0.495594	0.0515618	0.0250795	-0.209421	0.555954	1.18004	0.583637
PABPC1	-0.537912	-0.901238	-0.863537	-1.19878	0.0476123	-0.391427	-1.06825	-1.0386
ZNF264	-0.610593	0.315615	0.338818	0.374753	-0.160456	1.07756	-1.06743	0.746611
RFX2	0.0903937	0.874106	-0.304097	-0.279751	-0.127974	-0.456119	1.09404	0.419036
HAGHL	-0.884725	0.336449	-0.0477574	0.190328	-0.70413	-0.941546	1.09317	-0.0309968
CEP152	0.53809	0.527303	0.38888	0.401974	1.01184	0.09498	-1.00444	-0.970432
MAST1	-0.672714	-0.0120263	-0.788658	-0.1171	-0.830307	-0.848436	2.10698	-0.253389
RAB3A	-1.0909	-0.536827	-1.66667	-1.65172	-1.65522	-1.62604	1.63182	-0.01635
CORO2A	-0.45859	-0.295819	-0.61885	0.0121825	-0.527465	-0.848436	1.37935	-1.5429
HSD17B1	-0.386596	-0.558854	0.128014	0.259275	-0.655221	0.151564	2.46955	2.33157
AMOTL2	-0.149813	-0.244076	0.577521	-0.0991786	0.859353	0.87403	-1.11334	-1.10648
SGK1	0.285498	-0.180342	0.229511	-0.606139	-1.4853	0.151564	-1.11058	-1.43707
PLAU	1.2822	0.443075	0.475937	-0.432602	0.344779	-0.848436	-1.02959	-1.38283
EEF1AKMT3	0.660709	-0.0734269	0.613441	0.415395	-0.432828	-2.5854	1.79148	2.33157
NAPB	0.5676	1.08269	-0.51209	-0.169568	-0.143322	-1.11147	1.50607	1.80106
DGCR6L	-0.0702947	0.356257	-0.971522	0.379053	0.425699	1.02603	1.12163	1.56861
ZNF557	0.0690832	0.597266	0.635809	0.200923	1.32663	0.289067	-1.0223	0.737566
ARHGEF9	0.756468	-1.51821	-0.193914	1.17312	0.290332	1.23403	1.75906	-0.253389
PRR7	-1.2544	-0.0327849	0.350406	-0.444675	-1.43283	-0.156559	1.71748	2.4401
ACTR3B	-0.155844	0.289143	-0.136581	-0.0364428	-0.248796	-0.0339921	1.39916	1.88177
SPRY2	0.589274	1.51154	0.613441	0.701352	0.0996669	-0.333863	-1.00438	-0.568122
MYO7A	0.743172	2.87411	0.0284782	-0.432602	1.15213	0.736526	2.34402	2.13893
PARP6	0.678857	0.704181	0.935369	0.699188	0.743816	-1.07083	1.20651	2.35711
SEMA7A	-2.01389	-0.165116	0.806086	-1.30081	0.432242	-1.5854	-1.04463	-2.06104
FGF5	-0.0913631	-0.295819	0.613441	-0.625247	-0.485296	-0.848436	-1.0085	-1.14647
LUM	-0.00455475	0.704181	0.55624	-0.0296377	-2.65522	-0.263474	-1.07235	-1.5429
ARMC5	-1.29706	0.302818	0.140371	-0.186641	0.666707	0.284014	-1.08894	-1.40095
RNF165	-0.339291	0.289143	-0.971522	-0.947175	-1.07026	-0.263474	1.95498	1.59461
CACNG8	1.33878	2.51154	1.61344	-0.0211761	-0.711804	0.321489	1.55146	1.397
EPHA2	-0.759274	0.370848	0.495071	-0.845296	-0.314184	-1.67851	-1.04043	-0.64978
CCDC150	0.0202518	-0.658389	1.02848	-0.0674697	1.42515	0.428404	1.93521	2.43111
UGCG	-0.283183	-0.0217859	0.29449	-0.458029	-0.454599	-0.831758	-1.07535	-0.842129
ADM	-0.241443	0.198541	0.179544	-0.541183	-0.737683	-1.04108	-1.12871	1.44297
PANK1	-0.189714	0.163612	-0.18725	-0.483228	-1.15145	0.0413806	1.39916	1.27911
GDPD1	-0.0814929	0.451415	0.765444	0.191723	0.726208	-0.220405	-1.02968	-0.035209
ANKRD29	0.497211	-0.558854	0.461438	-1.2691	-0.462576	-0.585402	1.11488	0.675528
ADAMTS1	-0.0897832	-1.29582	0.663993	0.0365752	-0.0969261	-0.816728	-1.12005	-1.21082
STC1	1.07575	-0.295819	0.613441	-0.269104	-0.0702581	-0.263474	-1.00349	-2.94071
RCAN1	-0.0554977	-0.710857	0.804124	0.254458	-2.32765	0.151564	-1.10977	-0.6855
CFAP410	-0.600055	-0.880782	0.497963	-0.0540907	-0.489635	-0.263474	1.10698	0.390467
ZNF281	0.247169	0.0703086	0.231647	0.0315559	-1.20542	0.279668	-1.07006	-0.994456
C1orf74	0.0370145	0.637067	-0.0646312	0.340106	-0.466187	0.736526	1.24716	1.61168
LRATD1	0.830634	-0.295819	-0.386559	-1.94718	-2.65522	0.151564	1.52202	0.62108
SGPP2	0.490784	0.382253	0.613441	0.0528245	0.899368	1.05845	-1.04502	-2.53092
TIPARP	0.499965	0.325669	0.690124	0.248612	0.677355	0.816696	-1.1158	-2.70731
ZNF691	-0.172537	0.856184	0.582414	0.60384	0.525352	0.422417	1.51077	1.76221
HCN1	1.11652	0.375558	0.593812	-0.452411	-0.517717	-0.848436	1.34402	1.33157
ZNF12	0.44427	0.627559	0.598794	0.340721	0.332288	0.621049	-1.06705	0.229694
DEPP1	-0.952267	0.704181	0.613441	-0.795172	-0.333293	-2.84844	1.63461	-2.12786
ANGPTL4	-2.14665	-0.295819	0.170922	-1.53214	-1.65522	0.736526	-1.20385	-1.15979
ZNF30	0.728613	1.51154	-0.386559	0.512256	1.18128	0.929171	2.46955	2.72389
MAT2A	-0.135989	-0.0241889	-0.035219	-1.3285	0.115554	-1.32736	-1.07979	-3.23699
ENSG00000170846	0.318603	-0.295819	0.0284782	0.578893	-0.0430367	0.192206	1.2631	0.948245
SLFN12	0.660709	-0.295819	0.366801	0.0528245	-1.65522	0.736526	-1.00708	-0.553968
SLC2A14	1.66071	0.704181	0.613441	0.0528245	-1.65522	0.736526	-1.07235	-0.390893
NABP1	-0.0577203	0.003741	0.481445	-0.54984	0.446317	0.108495	-1.10866	-0.019432
ZNF266	0.320285	0.552178	0.583693	0.616725	0.929742	1.15156	-1.03295	-0.668427
FOSL1	-2.03973	-0.314827	-0.301312	0.0528245	-2.91826	-0.848436	-1.08319	-1.30018
FOXC2	-0.0762562	-0.295819	0.266518	0.900821	0.152134	0.736526	-1.05121	-1.25981
MAMSTR	-0.0538884	0.511536	1.93537	-0.859713	-0.79724	-0.400978	2.10698	1.06854
ZFAND2A	0.245672	0.003741	-0.445453	-0.560152	-0.276709	0.736526	-1.19342	-0.161467
LSM10	-0.0438347	-0.112373	0.911121	-0.238224	-1.40146	0.452733	1.3383	0.762208
IBA57	-0.731245	-0.810392	-0.627567	0.0268293	-0.201189	-0.438248	-1.11541	-0.446034
CLN8	0.251318	0.206681	0.520331	-1.02518	-0.935329	-1.00044	-1.01023	0.42544
PDE4B	0.923744	0.643485	0.461438	0.78979	-0.0702581	2.32149	1.58503	0.331573
MAFF	0.660709	0.441146	0.401937	0.0528245	-2.87761	-0.263474	-1.06919	-0.846764
SLC35E2B	0.292322	0.189608	-0.319445	0.269636	0.677355	0.867771	-1.06961	0.132264
ZNF699	-0.152205	0.905815	0.53944	0.467862	1.66671	2.32149	-1.13319	-0.121249
ZBTB44	0.20364	0.363144	0.38603	-0.321571	0.30464	-0.0410816	1.11808	1.95501
ZNF775	-0.352837	0.189608	1.09887	0.217884	-0.30877	0.431671	1.39916	0.694143
BORCS6	-0.773386	-0.208356	-0.524063	-0.532138	-1.02962	-0.472927	1.19653	1.42779
CFD	-0.432139	-0.305405	-0.00671122	0.293833	-0.659974	-0.519814	1.13513	0.331573
MT-ND6	1.39003	0.437418	1.00086	0.18315	-0.419332	0.317573	-1.14255	-2.21935
MT-ND2	0.278001	0.423831	0.734164	0.42911	-2.24988	0.736526	-1.14981	-0.318064
PAX9	-0.424682	0.926573	0.613441	-0.1613	-1.35566	-0.263474	1.38101	0.611681
FICD	-0.941327	0.356257	1.05401	-0.227283	0.880832	0.0584541	-1.01966	-0.626607
MT-ND4	-0.287135	0.392798	0.512672	-0.0732123	-2.04495	0.401342	-1.03027	-1.53399
MT-ATP6	0.0580711	0.480494	0.74477	-0.147883	-2.66966	0.640311	-1.15243	-1.74367
MT-CO3	0.0928985	0.283094	0.831833	0.00543504	-1.24071	-0.129505	-1.0134	-1.47514
ZNF805	0.113222	0.0385998	0.448381	0.216323	0.64856	-0.793989	-1.10334	0.513571
TMSB4X	0.982637	-0.543747	-0.184925	0.830432	-1.91826	0.736526	1.2631	-0.0834642
C22orf39	-1.06774	-0.558854	0.475937	-0.21021	-1.04806	-0.202073	1.08389	0.969003
ZNF324B	-0.325351	-0.295819	0.082926	0.618422	0.0386762	-0.111471	1.18944	1.2885
THTPA	0.175283	-0.810392	0.137003	0.305212	0.405321	-0.0477453	1.15468	1.52951
ENSG00000260342	1.77935	-0.295819	1.09887	-0.647615	-2.73888	0.736526	1.97205	2.5015
ENSG00000269711	-1.70186	0.704181	-1.38656	-0.269104	-2.16979	1.47349	1.94348	1.55397
ANKRD34A	-0.924253	-0.880782	-1.12352	-1.1316	-1.29265	-0.263474	1.42515	0.19407
NUDT18	0.468064	-0.465744	-0.234556	0.357679	-1.2629	-1.26347	1.43207	0.438489
DNASE1L1	0.284146	0.356257	-0.51901	0.279595	0.0500361	0.234026	0.115199	-1.0146
GLT8D1	0.164581	-0.00991041	-0.276485	0.161572	0.622604	0.00571265	-0.331428	-1.01715
ALAS1	0.0464931	0.335458	-0.143933	0.109019	0.254014	1.02032	-0.0970244	-1.00764
GCLM	0.330603	-0.0259312	-0.00844265	-0.0193253	-1.05483	-0.325758	-0.024123	-1.02229
HDAC9	0.895175	-0.0327849	0.613441	1.22275	-1.39219	-0.263474	0.3936	2.66456
HDAC7	-0.157087	-0.567121	-0.472859	-0.169568	-0.621273	-0.170365	0.287004	-1.0142
GNB5	0.146136	-0.469849	-0.284829	-0.166742	0.382254	0.234026	0.316845	-1.01578
GNB1	-0.283984	-0.185895	-0.368929	-0.385203	-0.604496	-0.345832	0.44206	-1.00828
CTTN	0.414286	-0.381549	-0.262261	-0.262481	0.622287	-0.333863	0.071704	-1.02322
PDPR	0.127835	-0.608977	-0.0646312	0.346556	0.103771	0.584523	-0.602113	-1.00312
PDGFB	0.660709	-0.108192	0.991952	0.0528245	-0.977149	0.736526	-0.842396	-1.00546
TIMM9	0.461132	-0.328986	-0.279644	0.147342	0.254582	0.373956	0.200845	2.59873
SAMD15	0.487378	0.704181	0.265517	1.63779	0.666707	-0.137943	0.884586	2.6535
NOP56	0.726708	0.362006	-0.100998	0.644327	0.725394	0.30676	-0.218613	3.28145
HSPB1	-0.277508	-0.363433	-0.323807	-0.651621	-1.50415	-1.21456	0.207551	-1.02199
GBF1	0.155403	0.100109	0.306943	0.19774	-0.0357009	-0.108499	-0.0979597	-1.00497
RAB5B	0.13216	-0.136163	-0.376552	-0.224285	-0.0535149	0.0496839	0.411089	-1.00081
GPR63	-0.674275	-0.125894	-0.386559	-0.859713	-1.4411	-0.111471	0.536663	2.84615
CLK4	-0.0937702	0.40462	0.0728723	-0.650782	1.5736	-0.447899	0.797123	2.55699
ABHD14A-ACY1	0.660709	-0.295819	0.613441	1.05282	-2.07026	0.736526	0.884586	2.791
EIF4G1	0.338287	0.413272	0.369353	0.0260271	-0.621189	-0.990625	-0.151962	-1.00812
VAX2	-0.22512	-1.29582	0.613441	0.213289	-1.09723	-1.26347	1.14762	3.46908
GADD45A	1.0564	0.742049	1.12245	0.837812	1.04922	1.58452	0.0268798	3.10008
IFIT2	2.66071	0.704181	0.320659	-1.53214	-0.655221	0.736526	1.04213	3.02345
P4HA1	-0.215403	-0.304589	-0.0435613	-0.484441	1.91736	0.0874332	-0.351122	-1.00806
CSE1L	0.471856	0.341211	0.0605089	-0.277573	0.267612	-0.0892074	-0.316547	-1.01092
HNRNPR	0.675754	0.36527	-0.0928057	0.16125	1.22334	0.231403	0.0335458	-1.01901
MACF1	0.314833	0.321352	0.580576	0.243457	-1.24018	-0.375367	-0.335202	-1.01032
SNX9	0.61653	0.164773	0.147517	-0.320219	0.62162	0.183134	-0.159808	-1.00812
IMMT	0.403513	0.0774845	-0.0064693	0.266388	1.58	0.617882	-0.222067	-1.01024
RAP1GAP2	0.305321	0.0779956	-0.298023	0.342331	0.110314	-0.142168	0.0496452	2.60006
FHOD1	-0.414167	-0.333294	-0.160051	-0.895337	-0.706446	-0.805368	0.0948534	-1.0055
PCNX2	0.674649	1.40462	1.39105	0.878795	0.858189	0.970991	0.655104	3.29939
THBS1	0.338781	0.175646	0.579993	-1.2691	-6.7845	0.736526	-0.305719	-1.00363
MAPKBP1	0.276369	0.977199	-0.153582	0.431336	-0.432828	-1.00044	0.271609	-1.0063
CENPE	0.330508	0.72381	0.398173	-0.155618	-0.366651	-0.199344	-0.430068	-1.00904
SDSL	-0.742646	-0.0140483	0.00936939	-0.198714	1.44714	0.344209	0.802124	2.88957
ARRDC4	1.02013	0.0145208	0.337806	1.16964	1.65333	1.10849	0.469548	4.42116
SCRN2	-0.469017	-0.409775	-0.459316	0.066371	0.699312	-0.198379	0.441689	-1.0142
PRELID3A	0.459076	-1.29582	0.31388	1.31586	0.327501	0.888529	-0.81056	2.77549
CACNA1A	0.982637	-0.00631267	-1.97152	0.0528245	-3.24018	-0.263474	-0.115414	2.97543
XPR1	-0.0407047	0.146699	-0.13184	-0.0609012	0.284585	0.144611	-0.318839	-1.02233
RGS16	0.481541	-0.810392	-0.038636	0.0934665	0.320532	-0.669466	-0.493926	3.28935
UBXN4	0.118486	0.195062	0.187534	0.0168735	1.19865	0.39853	-0.245639	-1.01283
PAM	0.139464	0.17946	0.208112	0.0354633	0.142945	0.279319	-0.269285	-1.01845
TSLP	0.595614	0.704181	-0.386559	0.823343	-0.283252	0.251099	-0.115414	2.55397
SERPINH1	-0.386007	-0.136992	0.120637	-0.20116	0.898231	-0.428533	-0.0257674	-1.00386
VEGFC	0.660709	-0.295819	-0.177973	0.342331	-0.737683	0.736526	-0.407069	-1.00818
PLA2R1	0.660709	-0.295819	0.220858	1.05282	-1.65522	0.736526	-0.448737	-1.02094
CDK20	-0.184448	0.481788	-0.00323065	0.696681	0.1869	0.0990961	0.444013	3.10601
NPTN	-0.573153	-0.295819	-0.397399	-0.469258	-0.714599	-0.438916	-0.337978	-1.02057
ATP13A2	-0.266986	0.237055	-0.17614	0.361993	-0.143631	-0.14318	0.0948036	-1.001
NEK8	0.21325	0.552178	0.861368	0.342331	0.567172	-0.0410816	1.03659	2.62108
CCDC78	-0.417293	-0.880782	-0.971522	2.63779	-0.195789	-1.5854	-0.700377	2.6535
FCMR	2.24567	-1.88078	-0.123525	-0.947175	-0.655221	-0.263474	1.88459	3.5795
CLDN1	-0.294896	-0.295819	0.0827142	-0.0142897	-0.655221	0.151564	-0.154233	2.96672
TMEM79	-0.313295	0.511536	1.78337	1.72268	0.29587	1.47349	0.370013	2.86763
TGFBR2	-0.485032	0.158747	-0.544821	-0.146484	0.20985	0.414598	-0.398611	-1.01212
ZNF367	-0.307348	-0.588	0.289438	-0.0674697	0.477805	-0.743467	-0.0692849	-1.00081
HSPA12A	-0.0908536	-0.0987824	0.420796	-0.269104	-0.29614	-0.12597	0.130747	-1.00723
C18orf54	0.660709	-0.143816	0.55204	1.0022	1.15213	0.0584541	0.458321	-1.00723
SMAD3	-0.4081	-0.0908375	0.126613	-0.448573	-0.811622	-0.263474	-0.105677	-1.00838
GPRC5B	-0.934521	-0.488464	-1.50204	-0.75453	-1.52398	-0.485866	0.206514	2.5795
MMGT1	0.407548	-0.231689	-0.326493	-0.667687	-0.571965	-0.697877	-0.321865	-1.01344
TMEM182	0.40759	-0.743278	-0.88906	0.711788	0.308253	0.414598	0.247156	3.03201
RSL1D1	0.393182	0.327391	-0.300916	-0.399496	0.862467	-0.485146	-0.290715	-1.00705
CTPS1	0.381397	0.23939	0.0700496	-0.241461	0.796475	0.0549903	-0.0159499	-1.00112
ZNF57	-0.271119	0.424073	-0.123525	0.237249	0.0920133	0.736526	0.611567	2.75899
RASGRP1	1.29148	0.289143	-1.087	0.145934	0.344779	-0.848436	0.469548	3.33157
FBXO34	0.0435665	0.0924513	0.206265	0.0239696	-0.185735	-0.0708289	-0.457806	-1.01082
DHTKD1	0.421552	-0.22543	-0.0263837	0.37284	0.894337	0.396451	-0.163243	-1.00877
FAM227A	0.120141	0.704181	1.61344	1.37475	1.97705	0.151564	0.884586	3.13893
ZNF396	1.43394	-0.617747	1.09887	1.55978	2.28338	0.447019	1.29962	3.13893
BCDIN3D	-0.202602	-0.628395	-0.161	0.318415	-0.704974	-0.566037	0.814197	2.6397
H1-6	-0.0538884	2.02611	1.61344	0.823343	0.885348	-0.000439573	-1.53045	2.75784
AMTN	0.660709	-0.295819	-0.422183	0.0528245	-0.655221	0.736526	1.10698	2.6535
ZNF383	0.934884	-0.295819	0.733735	0.74088	1.09967	0.736526	0.732583	3.03201
ASAH2	-1.92425	1.28914	0.0284782	1.05282	-0.596327	1.73653	0.884586	3.72389
SH2D5	-0.924253	-1.03278	0.0284782	0.753264	-2.07026	-1.13794	-0.821683	2.69026
ZNF420	0.752132	-1.29582	0.0757839	0.93418	1.2323	-0.526508	3.05451	3.33157
ZNF772	0.875977	0.289143	0.613441	0.915321	0.134856	1.15156	0.469548	2.84615
KANK2	-0.248525	-0.0380215	0.0353646	-0.523368	1.75417	0.63699	-0.109918	-1.02237
C6orf141	0.21325	1.28914	-0.164167	0.0528245	0.84728	-0.263474	1.2631	2.76453
GFPT1	0.0893573	0.266243	0.270085	-0.308832	1.5632	0.913404	-0.230935	-1.00108
PAM16	-0.339291	0.874106	-0.386559	0.690254	-1.19579	-0.641986	0.732583	2.76453
ZNF469	0.0757469	0.534256	0.0812197	-1.94718	0.344779	2.0991	-0.167503	-1.00062
RPS28	-1.14665	-2.61775	-0.708487	-0.625247	-2.24018	-1.84844	2.20651	3.91654
FOXO3B	-0.488154	-1.29582	-0.386559	-0.084679	0.460257	0.473492	0.621552	2.55397
ARFGAP3	0.376297	0.0397837	0.0732027	0.186326	0.95681	0.216748	-0.0184223	-1.02385
ENSG00000249590	0.397675	-0.295819	0.613441	1.05282	-0.240183	-0.263474	-0.115414	3.5015
ENSG00000258989	0.660709	-0.295819	-0.386559	0.0528245	-1.65522	0.736526	1.88459	3.5015
ENSG00000261884	0.319672	1.28914	1.1984	-0.21021	-0.847866	-0.263474	0.884586	3.5015
BAHCC1	0.0785952	0.209416	0.613441	-0.088038	0.255512	-0.621026	-0.00647972	-1.01892
