geneName	HEK293_2h	HMECs_1h	HMECs_24h	MCF10A_2h	M231_1h	SUM159PT_1h	SUM159PT_24h
AOC1	0.393407338519034	5.38175	1.82864	0.236744	-0.49175	-0.371342	-0.0867515
CX3CL1	NA	-1.08891	1.27684	0.236744	-1.25074	-0.371342	-1.08675
COL9A2	NA	1.19985	1.10617	0.236744	-0.152561	1.62866	-1.08675
FSTL4	NA	1.18535	1.29098	0.236744	-1.25074	0.213621	0.498211
ATP9A	0.321033250384386	2.66686	0.243678	-0.384745	-0.400489	-0.0236298	0.332345
FGFR3	0.92200153493697	1.61489	2.45667	0.406669	-0.326691	-0.584746	-3.82372
ADAM11	0.342044309783652	5.53563	0.895754	-1.34822	0.382201	1.50313	-1.08675
PTGS2	NA	-1.47	-1.68103	-0.203829	-0.188006	-0.486819	-0.0323037
PPP2R2C	0.930090315874488	4.86092	3.24368	0.236744	-0.186611	1.79858	-1.08675
RFX3	0.554826511346671	-1.11195	0.0481267	0.154281	-0.250742	-1.10831	-0.238755
CXCL2	NA	-1.66264	-0.640845	-0.415333	0.334221	-2.43024	-1.08675
LHX5	NA	-2.12207	-0.408399	0.236744	-0.250742	0.213621	-0.501789
TGM1	NA	1.2083	1.7075	-1.93318	-0.0417949	-1.11699	-0.416582
PDE6C	NA	5.09225	3.05103	0.236744	0.0122926	1.79858	-0.501789
CDHR5	NA	1.2537	1.90771	1.23674	-1.53821	1.97644	-0.314911
C14orf93	NA	-1.02521	-0.987648	-0.232742	-0.0701695	-0.0220077	0.239124
SPEF1	NA	2.7524	2.24368	0.236744	0.971651	1.79858	3.66814
SNPH	NA	1.17386	0.243678	-0.325135	-0.57267	0.798583	-0.501789
ZNF14	0.513002170129671	-1.01628	-0.23549	-1.15557	0.169476	-0.355222	0.666334
DNAH11	0.953913449357421	3.39625	0.658715	1.02524	-0.0325616	-0.226952	-0.579792
MAP3K8	0.482537108456741	2.21183	3.11815	0.52625	0.816372	-0.075886	0.94567
CSF3	NA	-1.53711	-1.34128	0.00507337	-1.36295	-1.07178	0.913248
FOLR1	NA	2.33736	0.82864	2.55867	-0.928814	4.30108	-1.08675
VEGFA	0.597621538920754	-1.04949	-0.800861	-1.77429	-0.436893	-1.31076	-0.613472
HBEGF	NA	-1.3378	-1.4084	-3.66448	-0.210195	1.0437	-0.349786
IL1A	NA	-1.44471	-0.999651	-1.49118	-0.309635	-2.29253	-0.543996
GPX7	NA	2.33736	0.82864	0.236744	0.0122926	0.213621	-0.501789
RGS2	0.486421309389798	1.17386	1.09929	-4.05604	0.289827	-3.85963	0.087927
MYB	0.289707091293494	2.69491	3.37296	-0.178294	-0.250742	1.45463	0.623742
DUSP1	0.991843537820246	-1.03001	-0.375232	-1.07191	-1.52149	-2.88154	-0.47811
EGR1	0.753794618771245	-2.49748	1.27255	1.23674	0.444404	0.789813	0.716851
EGR2	NA	2.10289	2.87595	-0.232742	0.808152	3.37328	-2.05638
IL1B	NA	-1.16881	-1.58114	-1.82739	0.42733	0.728194	0.275819
ID1	0.152364234497714	-1.29712	-1.13351	-3.29885	-0.284982	-1.65987	-3.13759
ZFP36	NA	-1.13815	0.125236	-0.154943	-0.658827	-0.0169923	-0.361308
CHAC1	NA	-1.16514	0.133495	1.59931	-0.386397	-2.5466	-0.998976
GDF15	NA	-1.1797	0.799375	2.22586	-0.937954	-2.11274	-1.27309
NPAS1	0.532774114311198	2.33736	3.70311	-0.348219	-0.498669	1.57619	0.860781
KANK4	NA	1.17386	-0.393752	1.55867	-1.25074	1.21362	1.49821
CD101	0.764732431291222	1.39625	-0.341285	-0.500222	0.749258	2.08809	-0.0867515
SPRY2	0.752269742268311	-1.04115	-0.446193	1.22195	-0.240792	-1.01904	0.498211
IER3	0.953990136183021	-1.81465	-1.13339	1.18075	-0.633113	1.38947	-1.25668
DUSP5	NA	-1.10674	-0.611737	-1.12583	-0.411767	1.31859	0.442716
PHLDA1	0.784825100729196	-1.10132	-0.988546	-0.378372	-0.410755	-0.456231	-1.04611
DUSP6	NA	-1.56941	-0.565567	-0.877161	-0.196558	-0.981395	-0.216812
PDX1	NA	1.92232	2.7291	0.236744	1.74926	0.213621	-0.501789
ITGB7	0.911249142707544	2.33736	1.09167	0.236744	-1.25074	1.95059	-1.08675
RHOF	0.637055436081199	2.24425	0.565606	-0.710014	-0.0908705	2.62866	1.7206
CHST4	NA	-2.2476	-2.34128	0.236744	0.334221	1.21362	0.498211
MALL	NA	-1.1545	-0.118893	-1.76326	1.74926	1.21362	0.498211
TAGLN3	NA	-1.31472	-1.51531	0.236744	1.33422	0.213621	-0.501789
CLTRN	NA	3.33736	1.82864	-1.34822	0.164296	-0.371342	-1.08675
STAR	NA	-2.32561	-0.834325	0.236744	-0.250742	-0.108308	-0.0867515
IMMP1L	0.95051051621586	-1.2476	0.012352	0.236744	0.373749	-1.5143	-0.185315
ZFP36L2	0.944647251302722	-1.36001	0.018962	-0.640025	-0.218501	-0.743508	0.921593
CPB1	NA	2.81541	2.24368	0.236744	0.0971815	1.00417	-0.251811
KRTCAP3	NA	1.29155	0.413603	0.236744	-0.172739	2.43601	0.498211
SYCE2	NA	-3.2476	0.359155	-0.763256	-0.72718	1.53555	-0.179861
ATF3	0.488606674790392	1.83486	0.478143	0.0491166	-0.045922	-1.33892	-1.07858
ACTG2	NA	1.38798	1.79387	-2.67015	0.0394442	0.535549	-2.50179
LYSMD1	0.593914479249447	-1.10321	-0.30381	0.298144	-0.770116	-1.04014	0.00344628
IL17RC	NA	1.8646	3.24368	0.329853	0.334221	0.213621	1.08317
SPDYA	NA	3.33736	1.24368	0.236744	3.07119	1.21362	-0.501789
ZC3H12A	0.746893185184622	-1.03936	0.225644	0.236744	-0.0960192	0.644255	0.684307
AK8	NA	-2.07768	0.491605	0.236744	0.223189	2.62866	1.49821
DDIT4	0.94731123828093	-1.33659	-0.431961	0.508634	-1.22399	-4.90321	-0.80046
CXCL8	NA	-1.05259	-1.30381	-1.09365	-1.71017	-2.10831	1.17628
FOS	NA	-2.488	-0.991446	0.612892	0.416683	1.69905	0.498211
BCL2	NA	3.17866	-0.341285	0.821706	-0.686841	0.525565	-0.35977
CEP19	0.795146574396928	-2.12207	-0.893826	-0.348219	-0.643059	-0.593734	1.01278
ZNF404	NA	2.33736	1.82864	0.236744	0.526866	2.21362	2.08317
HIC1	0.641158136842104	2.65929	0.658715	-0.763256	0.0971815	0.728194	-2.30914
SPINK6	NA	-2.2476	-0.253822	-0.763256	-0.250742	-0.371342	-1.08675
RBM11	0.932545900026643	2.14471	0.565606	-1.76326	0.886762	0.798583	-0.501789
ZFP36L1	0.408229434032333	-1.60169	-0.495094	-1.26993	-0.453677	-1.96654	-0.796782
EDARADD	0.307107212986914	-1.06318	-0.374452	-1.76326	-1.25074	2.62866	2.08317
FOXD2	NA	1.77793	1.13676	1.49978	-1.16501	1.21362	-0.309144
FOXE3	0.455515285311759	2.33736	4.9161	-0.348219	0.164296	2.02098	1.30557
TMEM17	0.712107478167329	1.28077	0.450128	-0.528791	-0.951182	0.213621	1.08317
SPRY4	NA	-1.1862	-1.25014	-1.53525	-0.48702	-0.642644	-0.02621
OVCH1	NA	3.14471	0.82864	1.23674	-0.250742	1.21362	-0.419327
CFAP119	0.987969379745904	1.33736	0.46607	0.137208	-0.346957	1.68311	0.257203
ZNF471	NA	-3.12207	-1.21575	0.236744	-0.835704	2.21362	1.49821
DLGAP2	NA	3.50728	2.56561	0.236744	-1.25074	0.213621	-0.501789
MT1F	NA	1.5353	0.741177	0.236744	0.486224	-0.371342	-0.0867515
KCNRG	NA	2.33736	1.56561	0.236744	1.1029	1.21362	0.761245
RYR3	0.712107478167329	1.92232	1.82864	0.236744	0.919183	-0.786379	1.95764
VWA7	NA	-2.2476	0.243678	-0.985649	-0.987707	1.95059	0.498211
GARIN1A	NA	1.83986	-0.0193569	1.82171	-0.710173	4.21362	1.23518
SERPINB4	NA	-2.36308	-0.134834	-0.763256	-0.250742	0.213621	-0.501789
TSSK1B	NA	1.97479	0.658715	-0.763256	-0.250742	2.62866	2.37268
SKOR2	NA	2.92232	1.82864	0.236744	0.334221	-0.371342	-0.0867515
XKR9	NA	-1.21013	0.205203	0.236744	0.000796977	0.476655	-0.0163622
AJM1	NA	2.33736	2.56561	0.651781	-0.00281428	2.53555	1.95764
PSMB9	NA	-1.49272	0.101659	-0.178294	-0.918166	-0.580131	-0.548083
PCDHGC5	NA	3.0378	1.82864	0.0143512	0.749258	0.535549	-0.179861
SLC10A5	NA	2.21183	1.24368	0.236744	1.25176	-0.64436	0.395117
THTPA	0.70305987265349	-1.45114	-0.480688	0.236744	-0.350277	0.468193	0.498211
GPRC5A	NA	0.306913	-1.09001	-0.92365	0.181584	3.08809	0.498211
VIM	0.31704620668319	0.0876157	-1.1034	-2.31147	0.0871659	1.28715	-0.450896
RASSF1	0.954362492883733	0.567027	-1.00665	0.196102	0.0987499	-0.160354	-0.696058
IZUMO4	NA	-0.0252122	-1.11889	0.236744	-0.250742	1.36562	1.7206
SLC32A1	NA	1.92232	7.30977	0.236744	0.164296	-0.430236	1.49821
NOL4	0.533452139233145	0.337358	8.05103	0.236744	2.39311	6.3429	-0.501789
RPS19	0.745840424124876	-0.0425742	-1.04489	-1.51704	0.548213	-0.204722	-0.719649
RPL18A	0.316330373977403	-0.100763	-1.01936	-1.14573	0.0580109	0.230899	-1.35327
EVX1	NA	1.33736	4.05103	0.236744	-0.250742	2.53555	-1.50179
SORCS1	NA	0.337358	3.24368	0.236744	-0.250742	0.213621	-0.501789
SMURF2	0.845332591631089	-0.534931	-1.08087	-0.45925	-0.16222	-0.858329	0.367709
FAM149A	0.623091050694929	-0.247605	4.49161	0.236744	0.296746	1.53555	-0.501789
ZBTB16	NA	0.489361	3.54949	0.208729	-1.10872	-0.948602	0.0261093
SH2B3	0.820254175030432	-0.399608	-1.07825	-2.38775	-0.740793	-0.309941	-0.777423
PCDHB3	0.879414973162555	1.33736	3.90664	-0.763256	0.749258	0.950586	-0.501789
GNAT1	NA	0.659286	6.79057	0.236744	4.2157	8.76821	1.49821
ROPN1B	NA	1.33736	3.24368	0.236744	0.749258	1.21362	1.49821
APC2	0.950390259352253	1.65929	3.56561	-1.08518	-0.665779	0.365624	-1.08675
DNAH6	NA	3.14471	3.4136	1.23674	0.164296	0.213621	-0.331864
CHST10	0.705175858530053	-0.215183	-1.04583	-0.680794	0.214639	3.21362	0.498211
CHD5	NA	2.07432	3.70311	0.236744	-0.665779	-0.660849	0.208704
MAN1C1	NA	-0.510639	4.34988	-0.325782	-1.16328	-0.923883	-1.37626
POLR1G	0.587889258148102	-0.112675	-1.11889	-1.86829	-0.00304369	0.444152	0.130018
SLC46A2	NA	0.337358	3.24368	0.236744	0.749258	1.21362	0.498211
LRAT	NA	-0.101286	-1.06213	-0.0262908	-0.250742	1.21362	0.498211
HS3ST2	0.947564872682115	0.269186	-1.07825	0.236744	0.749258	0.213621	-0.501789
P4HA1	0.924328500080292	0.165334	-1.11889	-0.258367	-0.0848683	-0.0259342	0.346563
TNFAIP6	NA	1.33736	3.24368	0.629061	-0.250742	0.576191	-0.501789
HMGB1P1	NA	1.92232	3.4136	0.236744	-0.835704	1.21362	1.82014
SLC12A5	NA	2.33736	3.70311	0.236744	0.334221	-0.108308	0.176283
NKX2-2	0.99343750379405	2.92232	4.15057	0.236744	1.74926	0.628658	0.235177
TAS2R4	NA	1.33736	3.24368	0.236744	-1.8357	-2.37134	-0.501789
PPAT	0.484369197502695	-0.238571	-1.02662	-0.635706	0.146958	-0.868985	0.0378667
BBOX1	NA	0.699928	3.24368	0.236744	0.749258	1.21362	0.498211
TOE1	0.893369501153611	0.473495	-1.01936	-1.52879	0.184924	-0.0652388	-0.582709
LOXL2	NA	0.00914001	-1.08048	-0.135495	-0.0172699	1.09468	-0.60578
ETS1	NA	0.0541103	-1.07238	-2.11639	0.01739	-0.753531	0.0411818
DTX1	NA	1.33736	3.4136	0.236744	1.33422	1.21362	1.49821
RDH5	NA	3.14471	3.24368	1.23674	0.0971815	2.0437	-0.671714
B4GALNT1	NA	-0.531398	-1.06118	0.583194	-0.522044	0.83253	0.117121
EGLN1	0.77321130277232	0.16286	-1.01571	0.264224	-0.0580967	0.304768	0.164474
RPS6	0.76885154078856	0.0749858	-1.00009	-1.76779	0.404338	-0.248772	-0.377861
GCHFR	0.937026522376669	1.33736	3.4136	1.44319	-0.250742	-1.31689	-0.0323037
STAMBPL1	0.989973290295412	-0.814645	-1.07825	-0.971365	0.0933039	-0.808747	-0.617266
FGF5	NA	-0.184595	-1.04012	0.236744	-0.166208	2.21362	0.498211
KRT71	NA	1.33736	4.05103	-1.34822	-0.835704	2.21362	1.49821
RPL3L	NA	0.337358	3.24368	0.236744	-0.250742	1.21362	0.498211
PRDM15	0.292824299524528	-0.349703	-1.10996	-0.631153	-0.262714	0.0603743	-0.0700728
DNMT3L	NA	2.14471	3.4136	0.236744	-0.57267	-0.108308	0.498211
RPL10	0.939768480198807	-0.108493	-1.06066	-2.12081	0.136281	-0.122807	-0.928415
NOCT	0.604508133425314	-0.314719	-1.01412	-0.840333	0.233439	-0.431715	-0.388132
ADAM8	NA	-0.233994	-1.00169	-0.500222	-0.564677	2.30673	-0.0867515
FRMD1	NA	0.337358	4.4136	0.236744	-0.250742	3.08809	-1.08675
AK9	0.893000214208947	0.481748	3.54264	0.821706	-0.0902771	-0.428827	0.0831735
HTR6	0.400999082606372	1.2549	3.64361	-0.763256	1.33422	1.43601	2.91325
SPATA2L	0.323540575044944	-0.795092	-1.00425	-2.03627	-0.108723	1.49902	-1.04236
IQCC	0.265313481315315	-0.31034	-1.06298	0.751317	-0.271206	-0.99283	-1.60132
CILP2	0.786505227261615	0.92232	3.33114	-0.763256	-0.186611	4.02098	1.49821
COL26A1	NA	1.92232	4.15057	0.236744	0.749258	0.213621	-0.501789
PAQR3	0.534826689552991	-0.316867	-1.01936	-1.61125	-0.0335111	-0.464451	0.226131
ANTXR2	NA	0.0263462	-1.05237	1.10601	-0.109329	-1.29909	0.149891
EOMES	NA	-0.200299	-1.00025	0.236744	-0.250742	-0.786379	1.08317
SLC51A	NA	0.337358	3.82864	0.236744	-2.0466	1.91406	-0.179861
CDC25A	0.647503135426739	-0.0749955	-1.05031	-1.24513	0.20744	0.936325	-0.0402089
BSN	0.990210400182851	2.14471	3.82864	1.82171	-0.0405241	0.213621	-0.501789
SLC25A32	0.950988853443673	0.430467	-1.03872	-0.383668	-0.15271	-1.59373	-1.02374
ZNF367	0.456023219087303	0.0797574	-1.06921	0.773772	0.158272	-0.0664873	-0.377748
DEPP1	0.517652172696675	-0.455876	-1.08418	3.93718	-1.31487	-0.371342	-0.501789
C1QL3	NA	1.33736	3.24368	0.236744	-0.250742	1.21362	0.498211
RPL27A	0.932173071485312	-0.0468679	-1.02641	-1.99651	0.512086	-0.548286	-1.06273
RBFOX3	NA	1.33736	4.33114	0.236744	-0.250742	1.21362	-0.501789
LINGO1	0.466467661629256	0.337358	4.88753	0.236744	1.07119	-2.37134	-1.50179
TM4SF4	NA	0.337358	3.24368	0.236744	-0.250742	1.21362	0.498211
VSTM2A	NA	1.33736	3.4136	0.236744	-0.698201	3.79858	1.49821
RPS9	0.799471103046929	-0.0146274	-1.04109	-1.80182	0.211668	0.215033	-0.879171
ALK	NA	0.752395	3.30257	0.236744	0.486224	3.21362	0.498211
CHST11	0.559071048949224	-0.355461	-1.07418	-0.299757	0.460461	-0.618652	-0.21588
ALG14	0.974614562460209	0.00653341	-1.1021	0.189438	-0.0170694	-0.993975	0.0682231
PPP1R3B	NA	-0.258745	-1.0238	-0.626754	0.0429894	2.53555	0.498211
HSPB7	NA	1.33736	3.70311	0.236744	1.33422	0.213621	-1.50179
CCDC184	NA	1.55975	5.6245	-0.763256	0.597255	0.213621	-1.08675
CALML5	NA	0.92232	3.24368	0.236744	-0.250742	1.21362	0.498211
NLRP8	NA	0.337358	5.79827	0.236744	-0.250742	3.53555	1.49821
IBA57	0.698236132423132	0.374833	-1.05005	0.630763	0.836721	0.162995	-1.11184
TFDP3	NA	1.33736	3.24368	0.236744	-0.250742	1.21362	0.498211
ALDH1A3	NA	0.0634098	-1.0739	-2.13204	0.0921459	4.46155	2.08317
CLCNKB	NA	0.337358	3.82864	-0.763256	-0.250742	2.21362	0.498211
MAFF	NA	-0.662642	-1.0238	0.370525	-0.00562929	0.213621	-0.97572
PDZD7	0.761347593123248	0.337358	5.27832	1.23674	1.85359	5.93882	0.983638
PDCD1	NA	1.33736	6.58353	0.236744	3.86196	7.73718	4.08317
FBLL1	NA	2.65929	4.05103	-0.348219	0.749258	0.213621	-1.08675
BEND4	0.629674603194424	1.71587	4.00921	0.236744	0.334221	0.213621	1.49821
FAM111B	NA	0.161699	-1.03749	-1.23719	0.323987	0.509862	-0.276369
ZNF107	0.913959349929016	-0.391995	-1.03316	0.821706	0.301799	0.389192	0.133214
NOXO1	NA	0.851931	5.58098	1.23674	0.749258	1.21362	1.49821
LCE1C	NA	2.65929	3.24368	0.236744	0.749258	1.21362	0.498211
DACT3	0.749491599231515	2.92232	5.88753	0.429389	0.597255	-0.371342	-1.08675
COL13A1	NA	0.05725	-1.09376	1.23674	-0.298583	2.21362	0.498211
RPL37A	0.155601488970106	0.0164416	-1.01166	-1.96106	0.457811	-0.635715	-0.337353
ZNF511	0.895934811601913	-0.162213	-1.02641	1.02524	0.42733	0.576191	-0.724181
SFMBT2	0.763755111748461	1.65929	3.99857	1.14928	0.0711863	1.40627	-1.30914
SOWAHA	NA	0.659286	3.85839	0.236744	1.07119	2.62866	-0.0867515
SYS1	0.627628094579778	-0.325607	-1.00425	-0.149148	0.467487	0.365624	-0.906179
RPS29	0.489051000549005	-0.00496853	-1.03472	-1.19427	0.580489	-0.155229	-0.612082
EEF1G	0.98439470435019	-0.0736099	-1.08054	-2.43568	0.530248	-0.0484923	-1.01045
XKR7	NA	0.92232	4.19787	0.236744	0.749258	1.79858	-0.501789
GRIN2B	NA	0.337358	3.70311	0.236744	-0.835704	1.79858	0.498211
TMEM275	NA	1.33736	3.24368	0.236744	2.33422	6.38355	4.19865
ENSG00000285625	0.86273048857553	-0.486319	-1.00786	0.306006	0.41911	-0.710548	-0.534211
MAP3K9	0.454511189689321	-0.752623	-0.965357	-1.0148	-0.440666	-0.209591	0.107421
CD44	0.984813578232116	0.0694398	-0.386603	-1.01416	0.262845	-0.148788	-0.0257757
MXD1	0.217718132733184	-0.0559845	-0.601044	3.23674	-0.349822	-1.1986	-0.081116
RPL18	0.925184683381833	-0.000184271	-0.698667	-1.00404	0.245293	-0.598738	-0.579661
WDR3	0.843278966392158	-0.0404153	-0.310834	-1.02954	0.0825253	-0.473949	0.190673
STK10	0.99608683050504	0.249678	-0.367564	-1.0227	-0.14637	0.615947	-0.26143
PLXNA2	0.478786804129439	-0.0409348	-0.539257	-1.03032	0.161519	-0.222198	-0.565054
COL5A3	NA	0.235478	1.1241	-1.03456	-0.250742	0.987739	-1.15088
PIK3IP1	NA	1.0378	2.65307	4.15428	-0.513776	-0.798352	0.265848
HMOX1	0.639765238000565	0.211827	0.0510324	4.19575	-0.0961298	0.839225	-0.155339
FERMT1	NA	-0.017627	-0.555126	-1.01243	0.354979	-0.74115	0.301622
BMF	NA	-0.662642	0.243678	4.52215	-0.665779	-0.148949	0.650214
EYA1	0.36824510292352	1.92232	1.24368	4.00933	-0.113238	-1.10831	1.17628
BBC3	0.682858590201181	-0.314719	1.24368	3.57659	-0.0643287	-0.69327	0.193356
DNAJC2	0.910624723615884	0.230819	-0.299116	-1.03551	-0.0326017	0.088608	0.0774598
HBP1	0.489842243775733	0.194295	0.954171	3.7521	-0.140864	-0.815111	0.397223
HOXA5	0.856056990542412	0.498639	0.11391	2.7759	0.749258	0.406266	0.391296
MMD	0.910995153626459	-0.193157	-0.8718	-1.03335	0.140449	-0.523345	-0.501789
LTA4H	0.389620811881054	-0.0670324	-0.0318977	-1.0039	0.0441156	0.542243	0.0338782
CDKN1B	0.944027730455645	0.349533	0.0192459	2.97971	-0.285737	-0.751852	-0.0768019
CAND1	0.858325432127992	0.0164328	-0.23996	-1.02089	0.128004	-0.0689052	0.320978
NOP2	0.662029804250555	-0.0555568	-0.873712	-1.00476	0.00871273	-0.224232	-0.399476
PPARD	0.518916161430933	0.0296905	-0.672799	-1.02629	-0.660133	0.918165	0.415749
SRSF3	0.351035202275424	-0.0750977	-0.628913	-1.02784	0.187216	-0.214061	-0.568783
RARS1	0.837075551567498	0.00119437	-0.407279	-1.01732	0.0895088	-0.172767	0.168771
KLHL24	0.899746149828749	-0.368911	0.975982	3.60758	-0.0191161	-0.885915	0.49355
GALNT3	0.819194549436445	0.0131596	-0.470645	-1.02629	0.00922631	4.91406	-1.08675
IFIT2	NA	0.462889	0.871709	3.93718	-0.0724325	-1.40529	0.616267
CXCR4	0.736397730591417	0.337358	0.243678	5.32421	-0.443387	2.21362	0.498211
ATG101	0.90123784020506	0.070419	-0.599454	-1.02172	0.161806	-0.147935	-0.466685
KCNJ2	NA	-0.314719	-1.21575	3.23674	-1.8357	-0.371342	-0.0867515
PARD6B	0.620484242651484	-0.627877	-0.828472	4.0441	-0.136099	0.827266	0.767028
GRM4	NA	1.33736	2.56561	3.55867	0.749258	2.79858	0.498211
RIOK1	0.637532171795729	0.0389182	-0.282391	-1.00426	0.065094	-0.467626	0.397684
EREG	NA	-0.955747	-0.97226	-1.03093	-0.485207	-1.28751	-0.662496
MACF1	0.966296006193705	0.0519347	0.430366	-1.02629	-0.0672741	-0.325798	0.230909
RARA	0.20486439469982	-0.313947	-0.486102	-1.01509	-0.688147	1.61472	0.87102
FIGNL1	0.143542357029088	0.00785659	-0.558964	-1.01017	0.301599	-0.166651	-0.592554
KMT5C	0.752297917292661	0.00615199	2.2529	2.7728	0.230148	1.30525	-0.262601
VAV3	NA	0.387111	1.08321	3.45914	0.749258	4.97612	-0.309144
GPNMB	NA	0.337358	3.05551	3.40667	-0.402745	3.67305	-1.08675
PLAA	0.717450035238246	0.0130273	-0.491689	-1.0128	0.127639	-0.058184	-0.169214
PIM1	0.565971658837755	-0.367635	-0.284818	4.32421	-0.310448	-0.210187	-0.555228
CCNG2	0.657338329019615	-0.419816	-0.209854	3.21075	0.110715	-0.263427	0.971582
GABARAPL1	0.361455615045556	-0.385108	0.658715	2.72217	0.120352	-1.80628	-0.0769037
CLTC	0.532608472167013	0.0410296	-0.127512	-1.02176	0.0557012	-0.171984	0.11508
GRB7	NA	-0.436134	-0.355785	3.06682	-0.736169	4.38355	0.498211
FEM1A	0.830048226557574	0.121629	-0.341285	-1.0284	-0.44022	-0.478257	-0.339518
RPS8	0.824621018235267	0.0516237	-0.641009	-1.02879	0.334221	-0.541388	-0.400284
DPT	NA	0.337358	0.243678	3.23674	-0.250742	0.213621	-0.501789
RORC	NA	-0.247605	0.243678	3.23674	-2.25074	0.143231	1.56533
VPS54	0.522201380623513	-0.0218918	-0.0763128	-1.03335	-0.110007	-0.238506	0.63771
LYAR	0.834585519417025	0.101291	-0.970619	-1.0148	0.122416	-0.440964	-0.173735
SLC18B1	0.456109308006888	-0.0850971	0.0916744	-1.03456	0.597255	-0.962702	0.666717
LRP12	0.718386782598054	-0.050528	-0.214353	-1.0166	0.131234	-0.935471	0.0315478
EIF3M	0.98738956178544	0.0365234	-0.506595	-1.0335	0.141367	-0.175766	-0.0171362
TMEM86A	NA	0.507283	0.565606	2.82171	-0.00973369	2.79858	1.08317
SACS	0.550144360294989	0.116995	-0.803003	-1.00688	0.19033	0.216888	0.15652
NR4A2	0.761066178060855	-0.469997	0.243678	4.55867	0.0387648	-0.155613	0.791942
DIPK1A	0.422270610805977	-0.148069	0.0212851	-1.01118	-0.336898	-0.220475	0.71898
ADAMTS5	0.255270804958931	1.33736	0.243678	3.17534	-0.250742	1.21362	0.498211
FBXO32	0.954190533614838	0.277652	0.976739	3.55377	-0.238618	-0.371342	0.555201
CSRP1	0.844229114422916	-0.00431964	-0.181537	-1.00369	-0.0366974	-0.0160277	-0.0533654
DEDD2	0.35014340847899	0.0436267	-0.146269	3.03192	-0.400984	0.0531559	-1.04928
ADORA1	NA	1.33736	0.243678	2.82171	0.656149	2.79858	0.498211
PRKCD	0.633682646698567	-0.0879115	-0.643593	-1.00189	0.0519643	0.13962	0.681811
OTUD4	0.844314750531138	-0.130339	-0.488126	-1.00426	0.0195103	-0.230682	0.467467
FOXQ1	0.721801579087024	-0.847067	-0.815216	3.14363	0.0624161	-2.24581	-1.63929
CREBRF	0.208387182247451	-0.31117	0.473159	3.97145	-0.230493	-0.851474	0.192108
ZNF219	0.795403983400256	-0.0776796	0.276099	2.82171	-1.20344	0.64658	-0.300155
FRAT1	NA	0.489361	0.395681	2.73924	-1.38825	1.02098	-2.50179
PLEKHA7	0.864339821083383	-0.0445127	0.0526292	-1.03335	-0.0884704	1.71612	-0.764823
ZNF608	0.943938743866813	0.421259	1.29877	3.11121	-0.352144	0.891692	0.761245
ROR2	0.865906454563538	1.92232	1.82864	4.8806	0.136281	2.68755	-0.349786
FAM110B	0.763708189764577	-0.0776796	-0.17136	3.40667	0.749258	0.728194	0.275819
EFNA1	0.557262498612727	0.18798	0.29022	2.82514	-0.250742	0.28401	0.191233
MMGT1	0.708220130442542	0.051449	-0.266272	-1.00426	0.111828	-0.869369	0.434081
UGP2	0.998062716739515	0.0944086	-0.298325	-1.02794	0.0603281	-0.736281	0.0677982
FAXDC2	NA	0.337358	2.15057	2.79474	0.749258	1.21362	1.49821
RSL1D1	0.372654505981151	0.0408928	-0.825356	-1.00385	0.0990994	-0.458967	-0.11846
BCL2L1	0.833113536631516	0.0624981	-0.0949079	-1.00387	0.196717	0.0878088	0.057197
YPEL2	0.161095337584748	-0.0252122	-0.604319	3.93718	-2.0581	-0.786379	1.89053
NUPR1	NA	-0.375859	1.35316	2.61312	-0.180352	-1.55603	-0.723692
CSTF2T	0.523037893678878	0.123111	-0.411904	-1.01985	0.0255894	-0.0962734	-0.429277
SLITRK6	NA	-0.0321274	-0.00973087	3.09657	0.706189	1.21362	0.498211
UBALD2	0.755562452406686	-0.211384	0.2107	2.90554	0.212659	-0.953674	0.121278
KRT14	NA	-0.0505233	0.448986	-1.02629	0.279773	0.519845	0.0315684
ZNF490	0.171812319342976	-0.662642	0.487603	3.0441	-0.290819	-0.601955	0.378629
C15orf62	NA	1.33736	1.24368	3.82171	-0.250742	1.21362	1.49821
RNFT1	0.921360996645885	-0.378849	-0.0319569	-1.02629	0.0612022	-0.703917	0.69615
PCDH18	NA	0.337358	1.24368	6.30283	0.164296	0.476655	1.59132
YTHDF2	0.395995901259116	0.0913607	-0.166218	-1.01654	0.137126	-0.506762	0.0970057
MT-ND6	0.236233198198638	-0.260183	-0.147075	-1.03387	0.563471	-0.328821	0.782984
TOP1	0.478315409177108	-0.057572	-0.402214	-1.02109	-0.000338941	-0.024071	0.376549
KIAA0753	0.519220806957892	-0.17932	-0.0491042	-1.01323	-0.336804	-0.248858	-0.19086
MT-CO3	0.103424916095664	-0.16176	-0.341624	-1.03123	0.32215	-0.700759	0.709317
RNF39	NA	-0.98457	1.33679	3.23674	-0.250742	2.21362	0.498211
DIO2	NA	1.92232	1.24368	3.40667	-0.57267	-0.786379	0.498211
LBH	NA	-0.0776796	-0.756322	4.55867	-1.25074	-1.10831	-0.686214
PLEKHO1	0.185266524004373	0.497823	-0.67386	-1.42622	-1.28822	1.66108	1.08317
NTN1	0.79960925042495	0.394502	0.184177	-0.348219	-1.25074	5.73718	0.498211
CMTM1	0.856828954212343	1.55975	-0.756322	1.82171	1.67126	0.213621	0.635714
MYH7	NA	-0.662642	0.82864	0.236744	1.97165	-2.69327	-3.40868
IL11	NA	0.0154298	0.506712	-1.76326	-1.15344	1.21362	0.498211
JAK3	NA	-0.662642	-0.17136	0.236744	-1.15121	3.21362	0.498211
MDFI	NA	-0.0469828	-0.468933	0.0847405	-2.25074	0.213621	0.305566
PDE8B	NA	0.337358	0.243678	0.236744	1.85359	-5.03431	-3.74972
FGF1	NA	-0.148069	0.85136	-1.76326	1.84879	1.21362	0.498211
RMDN2	NA	0.360078	0.197135	0.362274	1.08268	0.213621	0.305566
SEC16B	NA	1.11497	1.13676	0.236744	1.12777	-2.27181	-1.63672
H1-3	0.701977831650756	-0.192029	-0.305127	0.79416	-1.07994	-3.0604	-1.11019
BHLHE23	NA	0.337358	1.24368	0.236744	1.57238	-0.371342	-2.67171
HSD17B3	NA	-0.662642	-1.75632	0.236744	-2.49867	1.21362	1.49821
COX4I2	NA	-0.247605	0.980643	-0.178294	-2.42067	0.628658	-0.501789
RAMP2	NA	1.33736	1.24368	0.236744	2.11849	-0.371342	-1.08675
KRT34	NA	1.33736	0.658715	-3.25511	-2.25074	1.79858	-0.501789
ZBED3	NA	0.337358	0.243678	0.236744	-1.71017	-0.878302	-0.841639
GSTM1	NA	1.33736	1.82864	0.236744	-2.42067	-0.371342	-1.67171
ZFHX2	NA	-0.98457	-0.0782506	0.973709	-1.25074	0.436013	0.235177
TUBB2B	0.837326160372478	-0.662642	0.243678	0.236744	-1.64306	-0.371342	0.913248
CARF	NA	0.278464	1.21453	0.0992401	-1.19185	-0.201417	0.445744
MARCHF9	0.0785019621275218	-1.47	0.645776	-0.763256	-1.28049	0.346887	0.401996
TTC6	NA	1.33736	0.243678	0.236744	-1.44868	6.46155	2.49821
GPR161	0.89811221083252	0.223701	0.389108	-0.0764143	-1.29514	-0.0818353	-0.671714
SNRPG	0.951080979433314	-0.588642	-0.916787	1.48467	1.32041	-1.37134	0.0831735
AMT	NA	0.337358	1.24368	0.236744	-1.09874	1.0437	0.328286
VWA5B2	0.875110143262118	2.14471	0.82864	0.236744	2.33422	3.43601	-0.0867515
C1QTNF2	NA	-0.399608	-0.756322	0.615255	2.41222	1.21362	-0.501789
GFOD1	0.285187516296237	-0.148069	-0.341285	0.590381	-1.30519	0.0513492	-0.0119838
GLB1L2	0.344811577466903	0.16048	-0.0992102	0.153086	-2.42067	2.62866	1.7206
FEZF2	0.94483243908526	0.752395	1.75825	-0.927643	-1.27121	0.390498	-1.02535
ABI3BP	NA	-0.193157	1.40122	-0.632012	-1.02835	-0.000596176	-0.200047
C10orf90	NA	0.337358	0.243678	-0.395525	-2.42067	1.21362	1.08317
AFF2	NA	-0.314719	0.106174	0.0440985	-1.0581	-0.189379	0.582424
MX1	NA	-0.44025	0.359155	-0.0262908	-1.03315	1.77305	-0.290285
DNAH3	0.938425831061863	-1.2476	0.658715	0.236744	-2.25074	-0.593734	-0.309144
ESM1	NA	0.337358	0.243678	-1.50022	2.20869	1.21362	0.498211
CPLX4	NA	1.33736	0.243678	0.236744	-1.36622	-1.54127	-2.67171
SGSM1	NA	1.33736	1.24368	0.236744	2.1643	1.21362	0.498211
SCNN1B	NA	-0.800146	1.48469	-0.116739	-1.5462	-0.703466	1.36639
PWWP2B	0.792722946592531	0.288448	0.0647074	-1.8177	-1.0581	0.326095	0.266038
CFAP53	NA	-0.469997	0.243678	0.236744	-2.09874	-0.0435373	0.187282
SAA1	NA	-0.243984	0.549567	-0.205479	-1.04216	-0.342133	0.366597
BOK	NA	-0.340714	-0.830323	-0.256296	-1.05044	0.728194	0.150288
UMODL1	NA	-1.39961	-3.07825	0.236744	-2.01628	-3.59373	-0.221681
NAALADL2	NA	-0.363082	0.713163	0.397208	-1.3332	0.924114	-0.224255
AQP11	NA	-0.662642	0.82864	1.23674	2.33422	1.21362	1.08317
GPC5	NA	1.33736	2.82864	1.23674	1.11183	-1.10831	-0.238755
ABCA13	NA	0.528301	1.4524	0.973709	1.34894	-0.556898	-1.83621
GPR137C	NA	-0.148069	0.436323	-1.87873	1.53062	0.213621	-0.501789
PLAG1	0.652971348440072	0.211827	-0.0193569	0.973709	-1.00365	0.301083	1.30557
A3GALT2	NA	-0.247605	-1.34128	-0.763256	-2.42067	1.21362	0.498211
ZNF501	NA	-0.340714	0.243678	0.236744	-1.2101	-0.786379	-0.279397
KANK3	NA	-0.469997	0.108748	1.82171	2.4497	0.628658	-1.08675
FYB2	0.444829703990849	-0.662642	0.243678	0.236744	3.4497	1.21362	0.498211
TCF4	0.380445699633447	-0.194165	0.638154	0.767258	-2.8357	-0.48411	-0.147681
TRAJ4	NA	0.913859	1.61536	-0.763256	1.58215	-1.15835	-0.2333
PRR22	0.618772415455104	1.69993	-0.563677	1.82171	1.12272	2.00717	-0.601325
KRTAP2-3	NA	0.92232	-0.756322	-1.34822	-1.92881	1.21362	0.498211
OR14A2	NA	0.337358	-0.756322	0.236744	2.99719	1.21362	0.498211
SHLD3	0.327494548664626	-0.28413	0.00921226	-2.34822	1.17376	-0.873842	-0.267324
FNTB	NA	-0.778119	-0.8718	-0.763256	-1.66578	0.699047	-0.823717
PRSS22	NA	0.156786	-0.843785	-2.34822	-0.250742	6.16782	0.498211
CLK1	0.0711164678705024	-0.456383	-0.49137	0.907038	-0.442023	-1.0269	0.194071
NLRP2	NA	0.337358	1.24368	1.23674	-0.12918	6.43601	-1.08675
SLC39A9	0.691907774757049	-0.178939	-0.00575778	0.286842	0.0705259	-1.00471	-0.0830945
FLT4	0.254604498408301	1.33736	1.24368	0.236744	-0.250742	6.25801	1.49821
CDH1	NA	0.0443552	0.472928	0.236744	-0.126115	6.25028	-3.58925
RIPOR3	NA	0.337358	0.243678	0.236744	-0.665779	6.85748	0.498211
EPN3	NA	0.0214958	0.0747653	0.236744	-1.57267	6.42307	0.498211
ATP11B	0.720543736396276	-0.111707	0.20015	-0.586379	0.0069837	-1.00428	0.566673
CDH3	NA	0.0368108	0.391828	-0.528791	-0.26059	6.70547	1.82014
ATP2C2	NA	0.337358	1.82864	0.236744	-0.835704	6.46155	0.498211
ERBB3	NA	0.0694247	1.41632	2.19094	-0.49175	6.26528	-0.501789
SAR1A	0.930026359780662	-0.00829439	-0.444133	-0.0346786	0.106541	-1.00783	0.051902
PGR	NA	0.337358	0.243678	0.236744	0.12777	7.83933	-1.50179
GRHL2	NA	0.1169	-0.139954	0.236744	0.749258	6.31165	-1.50179
SEL1L3	0.96032365744531	0.0922454	0.52908	0.0953878	-0.350969	-1.02101	-0.0369985
ORC6	0.337309910979047	0.0624551	-0.759803	0.0975809	0.0188281	-1.01726	-0.618113
BLNK	NA	0.286732	2.47316	0.236744	-0.250742	6.0716	0.498211
MRPS18A	0.149080455910303	-0.0346109	-0.523876	0.412901	0.0301952	-1.01358	-0.819404
SNU13	0.226421841758524	-0.124562	-0.451902	0.409211	0.0131033	-1.00536	-0.483436
PLCB4	NA	0.448389	-0.727753	-0.296689	-0.79823	6.38355	0.498211
VWA8	0.744258587307642	0.161456	0.298749	-0.991284	0.0959788	-1.02419	-0.2356
QPRT	0.317230148133428	0.337358	1.65872	0.236744	-0.250742	6.12051	-0.501789
TJP3	NA	0.337358	1.24368	0.236744	-3.25074	6.14436	1.08317
AGR2	NA	0.521782	1.5916	1.23674	-0.279888	7.75019	-3.08675
CXCL12	NA	0.337358	0.243678	0.236744	-0.250742	6.46155	0.498211
DKK1	NA	0.0288921	-0.612276	-0.787828	-0.14588	6.30108	-0.724181
KRT23	NA	-0.606059	0.457802	0.236744	0.749258	6.58866	-0.501789
GLI1	NA	0.337358	0.243678	-0.763256	-0.113238	-1.02342	-0.45872
PRLR	NA	0.337358	0.243678	0.236744	-0.698201	6.1285	-2.08675
MLPH	NA	0.249131	-0.551503	-0.756801	-0.191584	6.69475	-1.08675
UCHL5	0.925926544534755	0.0457659	-0.277092	-0.0221747	0.160641	-1.00367	-0.288356
OLFML3	NA	0.185355	0.729104	-0.763256	0.0915815	6.58518	-1.82372
RPF1	0.38839646688085	0.0732584	-0.390011	-0.300125	0.143373	-1.00228	-0.163276
FBXO30	0.951725151919033	-0.258971	-0.464465	-0.624977	0.0945666	-1.02557	-0.114569
LIAS	0.509611928154725	0.168481	-0.263724	0.696175	-0.180352	-1.01601	-0.454903
RAB9A	0.648382706883781	-0.0263904	0.276282	1.00645	0.180598	-1.01367	0.191485
ARHGAP40	NA	-0.492717	1.37296	1.23674	-0.313752	6.38355	0.498211
SPDEF	NA	-1.66264	-0.756322	0.236744	-0.57267	6.0716	0.498211
NDUFA5	0.69229253135084	-0.0349751	-0.0582662	0.463813	0.14124	-1.02385	0.0187704
SNRPN	NA	-0.229683	0.64967	0.462036	0.111828	-1.0152	-0.207046
MYO5C	0.635202691822417	0.277237	0.183557	0.415081	-0.182517	6.73718	-0.501789
DUT	0.702502671123626	-0.111726	-0.347552	0.554944	0.0648848	-1.01512	-0.744527
RAB25	NA	-0.241728	0.373129	0.236744	-2.0581	6.85748	0.498211
GSTM3	0.874796714085388	-0.306498	-1.40018	0.236744	-0.0788461	8.64407	-0.501789
NARS1	0.747003409389286	0.0126757	-0.0424701	-0.122822	-0.0806988	-1.01582	-0.267036
WDR36	0.429383711619399	-0.070914	-0.572995	-0.891771	0.149131	-1.00792	-0.259005
SLC40A1	NA	1.33736	0.243678	0.236744	-0.250742	6.67305	1.49821
HNRNPD	0.875085238238833	-0.0347319	-0.200153	-0.491834	0.222413	-1.00653	-0.206792
PADI3	NA	-0.378849	-0.579445	0.0302927	0.164296	6.38355	0.498211
CRABP2	0.710039533850019	0.114965	1.7291	0.821706	-0.274989	6.59213	0.761245
OCIAD2	NA	-0.0325559	-0.144422	0.351386	-0.0261254	-1.02437	0.150288
ST14	NA	-0.0969632	0.392956	0.558672	0.0711863	6.30108	-1.50179
SAP18	0.578172341915319	-0.00605667	-0.31189	0.405197	0.0748008	-1.0166	-0.140402
SEC24D	0.994140322262609	-0.0158309	-0.0924378	-0.581545	-0.00715686	-1.01681	-0.237324
PLEKHG4B	NA	0.337358	1.82864	0.236744	0.334221	6.60594	0.498211
ATP5MJ	0.497395437724222	-0.0160459	-0.0814025	0.421168	0.121456	-1.00783	0.141054
SUPV3L1	0.861714410946883	-0.107427	-0.169398	0.0317619	0.216782	-1.01691	-0.100513
CHTOP	0.729720189664861	-0.0189703	-0.542516	-0.0928246	-0.0530257	-1.02205	-0.524795
LZTFL1	0.287005011873317	-0.0377869	0.250403	0.236744	-0.177921	-1.01787	0.137861
FZD6	0.89446091033588	-0.166233	0.135051	-0.27783	0.0804641	-1.00741	0.201171
CLDN3	NA	0.337358	0.243678	0.236744	-0.250742	6.92787	-0.501789
TRUB1	0.266097156217151	0.0925281	-0.341285	0.184276	0.0668548	-1.01977	-0.0722154
SPINT1	NA	0.0632813	0.0617508	-0.134094	-0.550302	6.42794	-2.50179
RAB8A	0.55228232669755	0.109669	-0.574184	0.302035	0.0537163	-1.00939	-0.232563
SPINT2	NA	0.0879245	-0.0137672	0.00541806	-0.103959	6.48041	-1.50179
HID1	NA	-0.0776796	1.94412	0.236744	-0.162611	6.59444	0.913248
EVPL	NA	0.0478513	1.22719	-0.763256	-0.179591	7.02098	-1.08675
NSMCE1	0.582814568122671	-0.0124813	0.295393	0.0852913	-0.15474	-1.02603	-0.180193
HINT1	0.299571314895797	-0.125089	-0.282267	-0.391288	0.200792	-1.01947	-0.0431403
SERPINA6	NA	0.337358	0.243678	0.236744	-0.250742	7.0338	-1.50179
CDC42BPG	NA	0.123954	0.453131	1.30087	-0.164327	6.30108	0.498211
KRT19	NA	-0.134355	1.03977	1.55867	-0.656955	6.94542	-2.30914
PPID	0.854388578859715	-0.0809847	-0.47253	-0.0830768	0.0755915	-1.00161	-0.185409
EIF1	0.840920237300532	0.153511	-0.824533	-0.593008	0.260182	-1.01932	-0.224369
DENND4A	0.506715973752274	-0.0230443	0.0789634	0.0867182	-0.050148	-1.01495	0.269636
RBIS	0.781478470122979	-0.0950826	-0.177601	-0.549853	0.193177	-1.00161	0.0593951
MTX3	0.249304519301139	0.178854	-0.114135	-0.137652	0.221934	-1.02201	-0.273761
NDUFV2	0.527405400064439	-0.0743049	-0.280096	0.161455	0.119432	-1.01803	-0.0421285
CA8	0.345070441129352	1.92232	0.243678	0.72217	-0.125211	6.0716	2.08317
BBS12	0.62363064424815	-0.14181	0.59048	0.236744	-0.484232	-1.00877	0.597747
PSMG1	0.752560880430677	-0.0294244	-0.390485	-0.107591	0.123394	-1.02227	-0.436141
TACSTD2	NA	0.0559367	0.560299	0.454519	-0.228489	6.10439	-1.08675
LRRC26	NA	0.337358	1.82864	0.236744	0.199061	6.46155	0.498211
TMPPE	NA	0.098571	-0.281414	-0.152028	0.281109	-1.0005	-0.552415
SDHAF3	0.54438407681552	0.246755	0.153075	0.755211	0.10658	-1.0005	0.132083
PLCG2	0.824366832611572	-0.153277	0.0786183	-0.178294	-0.116632	-1.00555	-0.755173
MAK16	0.341144718158304	-0.0970449	-0.415286	-1.60828	0.12455	-1.01748	-0.00820088
ZNF627	0.468295285709267	-0.280395	-0.325165	-0.293771	-0.494411	-1.01904	0.369887
CAPZA2	0.931391167094064	-0.186427	-0.274983	0.129297	0.211428	-1.0016	0.0960612
TSTD1	NA	0.0717678	0.489588	0.236744	-1.25074	6.62301	-0.501789
ARHGEF38	NA	0.337358	-0.756322	0.236744	-0.665779	6.3429	0.498211
ACAD11	0.629676787216073	-0.146676	0.305078	-0.145127	0.198869	-1.0237	-0.338982
ATXN7L3B	0.964555356644521	-0.00729027	0.207152	0.624814	-0.204938	-1.02245	-0.629797
TRIL	NA	1.33736	1.24368	0.236744	0.749258	6.12051	0.498211
HOMEZ	0.705009044818272	-0.0351963	0.273222	-0.910098	-0.119497	-1.02342	-0.153866
POLR2J	0.222695894495199	0.424821	-2.17136	0.236744	0.687858	2.21362	4.08317
TNFRSF12A	0.528497946890544	-0.169227	-0.815641	-0.495982	0.167323	0.74317	-1.08675
ARHGAP44	0.867210104411321	0.337358	1.82864	-0.178294	-0.418199	2.53555	2.66814
FAM184B	NA	-0.435232	-0.654443	0.236744	-1.01628	0.213621	2.66814
WSCD2	NA	0.337358	1.82864	0.236744	-0.250742	1.21362	3.66814
MID2	0.766168780448685	-0.268821	0.052536	0.324206	0.040598	2.53555	2.82014
MMP2	NA	-0.115609	0.217525	0.32972	0.749258	0.725334	-1.07254
NLRP1	0.828374070880965	-0.239699	0.654746	-0.248683	-0.0908866	-0.119803	-1.0528
SUSD2	NA	0.337358	1.24368	0.109632	-0.269767	-0.0369229	-1.02535
CENPM	0.322548514048584	-0.00212856	-0.710519	0.896668	0.288549	-0.616454	-1.0293
TOMM22	0.218706760040714	-0.216925	-0.595858	-0.116137	0.203689	-0.733268	-1.00354
RHBDD3	0.465020985868092	0.221881	0.00266942	0.226251	-0.495854	0.445794	-1.01964
POLE2	0.401508868069838	0.142761	-0.487233	0.282547	0.185357	-0.0528944	-1.01885
PCK2	0.882045657556481	-0.218653	1.10031	0.416191	-0.113783	-1.59594	-1.06489
RNF125	0.679588311823341	0.241143	-0.125556	0.0440985	-0.00973369	-4.1787	-1.08675
CRISPLD2	NA	0.489361	1.24368	-3.22269	0.575229	2.95059	1.80077
RNASEH2A	0.627614453754247	-0.157519	-0.378955	0.776554	0.0359627	-0.894254	-1.07639
ITGB8	NA	0.250141	0.465789	0.504224	0.42733	-0.201417	2.02177
PTPRZ1	0.470744678736978	0.00214048	0.48294	-1.76326	-0.250742	0.213621	2.61369
AREG	NA	-0.656112	-0.805849	-2.81034	0.141576	0.791794	-1.00768
PRPH2	NA	0.337358	0.243678	0.236744	-0.250742	1.21362	4.4051
DPYSL3	0.284030673995191	0.101575	-0.325379	0.0440985	0.251759	1.21362	2.49821
SERPINI2	NA	1.33736	1.24368	0.236744	-0.250742	1.21362	2.30557
FOXP1	NA	0.92232	0.82864	0.236744	-1.47313	1.21362	3.30557
CENPA	0.805907052216896	0.209808	-0.421138	0.781064	0.164296	-1.03574	-1.06968
ST3GAL5	0.473218761040882	0.219521	0.200609	0.141586	-0.332272	2.79858	2.95764
C1orf109	0.615935355373889	-0.0776796	-0.396427	-0.322684	0.25867	-1.15871	-1.00842
TEK	NA	2.65929	2.82864	0.236744	0.0387648	2.21362	3.30557
GLT8D2	0.954917885968728	0.165877	0.494221	-0.611253	-0.250742	-1.12742	-1.04928
TBX22	NA	1.33736	0.243678	1.82171	-1.25074	1.21362	2.66814
EEPD1	NA	-0.0776796	-0.341285	-0.27783	-0.411206	2.21362	2.66814
ZWINT	0.866615663198439	-0.0748233	-0.652106	0.586686	0.0302604	-0.269527	-1.02946
INHA	NA	-0.510639	-0.604319	-0.0851845	-0.987707	1.21362	1.89053
E2F8	0.984303776536457	-0.235827	-0.756322	0.0388042	0.252832	-0.0983234	-1.02786
DOHH	0.718826942072634	-0.0279266	-0.794797	-0.292724	0.0418657	-0.5377	-1.07254
NCAN	NA	1.50728	1.24368	-1.34822	0.749258	1.21362	3.49821
LSP1	NA	1.33736	1.24368	0.821706	-0.250742	1.21362	2.30557
GGT7	0.641839110635219	-0.71709	0.395681	-0.0262908	-0.321131	0.251095	-1.04928
KREMEN2	0.65241898503096	0.114965	1.13676	0.864775	-0.550302	2.62866	1.77123
CASP9	0.397202035241972	-0.140689	-0.0417247	0.392863	-0.0878032	-0.371342	-1.08675
TMOD1	0.701248491424348	-2.83257	-0.118893	0.0668186	0.749258	0.628658	2.17198
SLC5A6	0.634845162664689	-0.124428	-0.441941	-0.413199	0.478096	1.01974	-1.07814
COMMD4	0.663542367126308	-0.0843433	-0.251087	0.699948	-0.190021	-0.588348	-1.01996
GATA6	0.854055831088001	0.374833	-0.121607	-0.251756	-0.477018	-1.18168	-1.04561
COL6A2	0.318331772945628	0.92232	1.11815	0.0820536	-0.292655	0.231498	-1.05122
PRDM16	NA	0.867873	1.98064	0.236744	-1.47313	1.21362	5.45241
FAM124A	NA	1.33736	0.243678	0.236744	0.666796	-1.10831	2.98364
ITGAD	NA	-0.662642	-0.756322	0.236744	-2.57267	1.21362	3.66814
PPP1R35	0.366861816222489	-0.567783	-0.139042	0.0171772	-0.274989	-0.29227	-1.06657
DBF4B	0.337189563935603	0.337358	-0.161579	0.236744	-0.0100175	-0.171043	-1.05638
GBP2	NA	0.474861	2.20715	-0.829752	-0.568482	1.28517	1.98189
HPGD	NA	-2.2476	-0.341285	-1.34822	0.42733	0.991228	2.49821
RPS14	0.651101183242423	0.017056	-0.866746	-0.704363	0.254731	-0.378494	-1.00411
SKA3	0.568602969576264	0.289448	-0.692507	0.495831	0.331406	-1.03085	-1.00602
CDK2AP2	0.248684743040646	0.274164	-0.300643	0.751317	0.0187766	-0.705459	-1.05248
REPS2	NA	0.685281	0.591601	0.851453	-0.987707	2.53555	2.58567
HSD17B13	NA	-0.662642	-0.756322	0.236744	-0.113238	0.213621	2.49821
IRX1	NA	0.350454	0.0960529	1.98786	-0.250742	2.79858	2.37268
CDCA4	0.195064090264146	-0.222601	-0.675879	-0.6095	0.115839	-1.34774	-1.05044
CCDC96	0.590955051381624	0.152933	0.554018	-1.34822	-0.807135	1.79858	3.19865
GMPPB	0.990603181825797	0.00245751	-0.659988	0.22487	-0.0156383	0.13962	-1.08225
ZNF497	NA	0.167433	1.39568	0.914816	0.749258	-0.443492	-1.05199
GPR156	NA	2.65929	1.24368	0.236744	-0.902818	2.79858	3.30557
C18orf32	0.761459632238457	-0.219035	0.506712	0.0847405	0.0711863	0.628658	2.1227
ALOX15B	NA	0.0307821	0.978692	0.120379	-0.835704	2.06162	2.26375
HHIPL1	NA	-0.662642	-0.17136	0.236744	-0.051433	-0.371342	2.37268
COL18A1	0.865238254908865	0.0673328	0.557739	-0.255653	-0.261713	1.56592	-1.08675
TNFAIP8L3	NA	-0.177215	0.565606	-0.955901	-1.8357	0.991228	1.93878
COA3	0.352262553954862	-0.0127409	0.127536	0.382822	-0.198814	-1.37706	-1.02535
WT1	0.753794618771245	1.07432	-0.341285	0.236744	0.486224	1.21362	3.66814
RAD51D	0.49281723121388	0.190517	0.0968361	0.236744	0.139718	-0.99283	-1.01636
CYP4F12	NA	0.337358	1.62219	-0.763256	-0.250742	-1.69327	2.06705
CYP4X1	0.860734552560444	-0.662642	1.56561	0.0668186	-0.250742	2.45463	2.06115
GPR141	NA	-0.247605	3.05103	0.236744	0.749258	0.213621	3.35619
C19orf54	0.810434868862562	0.179817	-0.029341	-0.137652	0.213205	-0.437144	-1.06849
TOGARAM2	NA	-0.0776796	1.05103	-1.34822	2.74926	1.21362	1.89053
ZNF695	NA	1.33736	0.658715	0.821706	-0.287268	1.74414	1.78772
HYLS1	0.711259695945631	0.489361	-0.174175	0.821706	0.0103677	0.58357	-1.00059
CENPW	0.684675074711754	-0.135524	-0.273598	0.0923537	0.410456	-1.76574	-1.03369
GSTM2	0.473465473822419	1.33736	0.243678	0.236744	-1.25074	4.12051	2.30557
HAUS7	0.956073730362943	0.0595769	-0.523488	0.0923537	-0.00472336	-0.49593	-1.03577
NDUFAF8	0.0643705590040811	-0.103215	-0.441314	0.854496	0.151696	-0.709758	-1.03522
CRCP	0.686079344686638	-0.325607	-0.756322	0.284049	-0.008769	-0.541267	-1.08675
NAA80	0.447861218084348	-0.399608	-0.114776	0.88882	0.0768329	-0.758365	-1.00429
CHCHD10	0.478893283072503	-0.221132	0.18923	0.178089	0.290499	-1.13945	-1.01416
INAFM1	NA	0.79679	1.15057	1.12983	-0.835704	-0.593734	-1.04611
PECAM1	NA	0.337358	1.82864	-0.0944623	0.749258	-0.786379	2.08317
ENSG00000271254	NA	0.752395	0.118147	1.45914	-0.402745	1.83029	1.83925
LENG9	0.46979842452269	-0.193157	-0.582293	-2.37207	-0.366219	-0.0494138	-1.08675
H4C5	0.566512134893806	-0.0340353	-0.375116	1.1285	-0.466875	-2.5207	-1.0613
MKKS	0.818339117563703	-0.583208	0.0703459	0.452472	-0.211571	-0.786379	0.0342639
ENSG00000288654	NA	0.337358	-0.393752	1.34366	-0.148862	-2.4588	-1.00429
