geneName	MCF10A_EtOH_4h	MCF10A_TAM_4h	Hela_6h	Hela_9h	MCF7_48h	T47D_48h	Hs578t_48h	MDAMB231_48h
KDM7A	2.47282850449297	0.828521606517644	1.93266	3.15573	0.226518	-0.221442	3.42796	0.636155
RPS20	-1.02874324695885	0.00864215367914201	-0.554449	-1.38733	0.453907	0.0436476	0.371804	0.339102
BMAL2	-1.21339543087072	0.00148436530170778	0.0913178	-0.0697612	0.293155	-1.68922	0.111816	-0.10081
ADAMTS6	2.57673393700902	0.0222381180842677	1.02142	1.77696	-0.384917	0.632707	-0.395667	0.162224
TNFRSF9	5.87135924254994	0.00105696303664653	2.55563	3.42599	-0.384917	-0.367293	-2.30322	-1.3232
HYAL2	-1.03878675642074	0.00118452743773311	-0.692927	-0.45442	0.438206	-0.887161	-1.12558	-0.881976
ASNS	3.08640525489161	1.2105453048071e-51	2.76051	3.03601	0.170005	1.18362	0.789888	1.63054
PTGS2	2.37723288592916	4.78671599135338e-07	3.15185	4.78919	-0.384917	1.63271	-1.12265	-0.0463625
SEMA3A	-1.69320277688175	0.126051259504318	1.57306	3.09562	0.10051	-1.10426	-2.48841	-2.14312
CXCL2	2.18965392060923	0.037423680076175	4.36346	5.57736	-0.384917	0.632707	-0.0401867	0.484152
PPP1R15A	4.12813706513979	7.42965322554523e-12	3.90569	5.77267	-0.990638	1.46278	3.0111	2.18808
TINF2	-1.07179465658984	0.000772042283111309	0.792645	1.19734	-0.480074	-0.0124506	-0.193433	-0.19392
PCK2	2.35353265287109	6.19770692092851e-17	3.83351	4.51019	-0.50782	0.59043	1.04669	0.32943
TRIB3	4.20315684153443	2.90354659157217e-45	3.6448	4.12479	-0.869759	1.85177	3.62942	1.87579
JAG1	2.20662128855286	9.87785313031086e-06	-0.563026	0.437044	0.290461	0.109145	-3.06482	-1.1526
CCNE1	-1.20978234878642	0.0769561686648964	-0.580371	-0.20336	1.28751	-0.0453652	0.1684	0.112183
ECM2	4.26911198053069	1.99434533331326e-09	3.67616	4.33524	0.615083	0.632707	0.111816	0.484152
UNC5B	2.23055350952207	0.303055143494693	2.18665	4.29428	-1.23682	3.10219	2.06787	1.29151
DKK1	-1.06352969156217	0.0192969295275805	-0.465409	-0.522947	-0.0805641	0.215039	0.0444757	-0.0350741
HSPA8	-1.8899030083581	1.23877176115313e-08	-3.47477	-3.25846	2.34646	1.18065	-0.810875	1.48554
NECTIN1	-1.20207603433359	2.19005348310258e-08	-0.601446	0.677483	-0.686986	-0.402483	-1.7015	-0.38784
CHPT1	-1.20942066515673	0.00297444512930299	-1.52809	-0.524197	0.0148864	-0.691984	-0.729486	-0.581139
RPS12	-1.23130943973483	3.70446694353429e-08	-1.12549	-0.992899	1.89242	0.734197	0.911396	0.470477
HBEGF	3.57316238347738	1.07414093797203e-07	0.958032	2.66391	1.03012	0.632707	-0.975092	0.0293571
CCNG1	-1.11249012438438	0.00179745293527342	-1.45478	-1.32735	0.329883	-0.776684	-2.22419	-0.685773
STC2	4.18766063657549	7.85982531822509e-59	3.98135	4.91439	0.54958	-0.243918	0.863993	1.14535
CBLB	2.4059420492301	0.0572640452747361	1.74997	2.3734	0.155652	0.381168	1.32736	0.832076
SLC1A4	3.3326136263358	0.00176242143121055	1.92232	2.21303	-0.0438797	0.743738	-0.429275	0.611702
RPL22	-1.12010736924168	0.0743970726065461	0.484584	-0.750924	0.728146	0.637924	0.782355	-0.0835322
IVNS1ABP	-1.31512538819227	0.000246343799035884	-2.20409	-2.38697	-0.589736	-1.04238	-2.59093	-0.911776
CTH	2.89577378445279	0.0304142219695142	3.3611	3.56424	0.0301209	-0.314826	1.60515	0.577262
KIF21B	3.65543674031265	0.0979866090843728	2.18685	2.68499	-1.38492	-0.952256	-1.62515	0.484152
CCNI	-1.28166388548793	1.86133679641466e-09	-2.60004	-3.18508	-0.0084427	-0.456022	0.696779	-0.167924
ITGB1BP1	-1.08407195379216	0.00235187651285946	-0.860277	-0.739055	-0.613186	0.235371	-0.380037	0.128008
B4GALT4	-1.17428795806543	0.67071044806385	0.855425	-1.06652	-0.337088	-1.30018	-1.67047	0.151577
ATF4	3.43363215472346	2.47623949829608e-38	4.00802	4.56114	-1.06299	1.01495	3.12812	0.249687
LIF	2.26163295293142	3.14341344298065e-06	0.86009	2.40598	-2.38492	-0.367293	-0.762653	-0.125901
CHAC1	7.45828321095053	4.80495114382979e-46	5.37247	5.61822	-0.956823	1.13021	2.41438	1.36868
CLN6	-1.15518296105285	0.103443090913797	0.191681	-0.636522	0.369971	0.290315	-0.908942	-0.730861
GDF15	3.15723560903276	2.58824143262887e-05	3.55724	4.27656	-0.951829	3.97772	1.07529	0.697983
SESN2	2.89864894373445	8.53509063163852e-24	2.19707	1.91684	-0.784088	0.267422	3.27891	0.341194
CCNA1	2.53302403608036	0.00701773604211015	-0.200102	0.899452	0.615083	0.632707	-0.625149	-4.10081
IRAK2	2.46150378296256	0.200855927613367	-0.361301	1.46001	0.615083	1.80263	1.15775	0.389515
NAV1	-1.47464798249157	0.0333026146303706	-0.0551278	2.11965	1.10051	-1.95226	-0.841877	-1.04478
KLF4	3.63607719070954	4.17957947330672e-06	1.31422	2.02586	0.0625424	-0.197368	1.62083	0.757529
IER3	2.17989268655098	0.0715924823954222	1.87847	2.79133	0.0332268	1.17675	-0.414094	-0.48859
PHLDA1	2.27551111329617	0.000205010169865415	1.06024	3.87113	0.380618	1.40715	2.99168	0.178251
JDP2	2.19148941708408	0.209920842775939	0.635832	0.775105	-0.528281	-0.081891	-0.329693	0.358621
CDH11	-2.33446770679333	0.750625300262911	2.72909	2.90235	-1.38492	0.632707	-3.13972	-1.03552
OSGIN1	2.67561327516665	0.514531943921708	-0.648109	1.23613	-0.115156	-1.32149	1.1684	0.636155
RPS2	-1.25560432579433	0.220345201443098	-1.21586	-0.409905	0.516399	0.962702	1.06135	0.0811876
CBX4	2.23516999908664	3.74269011414023e-05	1.99892	2.52569	-0.326657	0.405808	0.965394	0.00881425
PMAIP1	2.61394600290656	1.61176560036009e-27	2.55813	2.56134	0.167624	0.825352	1.30976	0.867481
LMO4	2.48542277115494	2.7061939402977e-14	1.9755	2.51884	-0.384917	0.546292	1.06451	0.136229
MAP3K21	-1.09571452040605	0.00646751334289802	-1.41337	0.761364	0.176962	-0.227116	-0.625149	-0.0183481
TSLP	2.80425287267647	0.00139827787053808	3.88846	4.83121	-0.384917	1.63271	1.7405	0.484152
ZC3HAV1L	-1.26690423151356	0.000805476544981359	0.736552	0.647231	0.777355	0.701969	-0.362115	0.34329
VLDLR	4.06322818983916	0.177012094005517	1.90581	2.96987	-0.430882	1.06711	0.416671	-0.288437
SURF6	-1.28068114221409	0.0776168809445167	0.622989	1.02609	-0.298502	0.304178	0.85005	1.03723
EIF4EBP2	-1.27666443221717	0.00359983733763503	-0.566566	-0.199771	0.309457	-0.167684	0.670307	-0.216287
EI24	-1.10085690041985	0.000412880967838112	-1.16178	-0.390917	-0.164951	-0.250696	0.495145	0.484152
GEMIN6	-1.0453408624488	0.0590281000185798	0.0432921	-0.170537	-0.110294	0.149028	0.164928	1.01208
LPCAT1	-1.21675764648773	0.0207436267798728	-0.6784	-0.219944	-0.0156074	-0.624304	-0.779272	-1.69583
LURAP1L	2.59724129656529	0.60592580337271	3.78993	3.36806	-0.993726	-0.900512	1.82551	0.706545
EEF1A1	-1.03684726125235	0.108408585363541	0.383919	-0.371133	2.38249	1.44654	-0.486173	0.170492
TSC22D3	3.55564137109297	1.70171634757428e-19	4.2311	3.72159	-0.772856	0.948734	0.877351	0.66103
RPL26	-1.17273047747819	0.0208570770773328	-1.93993	-1.43699	0.955708	0.313205	0.593861	0.473956
LRP5	-1.09247248569097	0.00153292167866615	-1.94114	-1.55393	0.10607	-0.521277	-0.777152	-1.65488
ATF3	3.90065092158026	7.91137324710075e-19	3.24698	3.54951	-0.955232	0.221919	2.03196	0.773659
CDC25A	-1.54680644575405	0.0245809204466329	-0.167531	0.365867	0.640618	-0.644403	1.18221	1.73791
PDZD8	-1.00316182645822	0.000814269740706225	-0.763139	-1.56496	0.365564	0.104328	0.018707	-0.626272
SCNN1G	-1.36560810857355	0.0355170088422823	2.85944	3.39471	-0.384917	-1.36729	0.374851	0.484152
PXK	2.20319871578907	8.94827774460896e-07	1.78926	2.7185	0.539135	0.351585	1.08836	0.246653
CAVIN2	-1.17898107580217	0.12864634139401	2.03838	2.10364	-0.384917	0.632707	-1.13361	-0.88263
IRS1	-2.83760380267494	0.0280692247948339	-0.753255	0.0273052	0.049243	1.27538	-0.817794	0.452582
ATF5	3.27402130268562	0.00126134971704026	3.32875	4.53001	-0.73284	1.01122	4.19077	0.484152
SIMC1	-1.32627888134467	0.0213206422158086	3.03327	3.40741	0.96872	-0.141017	1.23735	0.527221
CRTAP	-1.25249242869342	0.000584322975556406	-0.397767	-0.468799	0.235796	0.288521	-1.0812	-0.330665
NETO2	-1.66470067506325	9.14163122634748e-05	-1.41713	-0.899408	0.169019	0.632707	-1.24101	1.48415
ZNRD2	-1.33671217565268	0.00231402150598981	0.116349	0.158911	-0.0192671	0.835053	0.20337	0.981167
TLR6	2.67813224210491	0.0137518535195845	1.76683	0.607225	-0.384917	-1.53722	-2.4325	0.121582
CHRNA9	2.66324088486061	0.30281186217063	1.00988	1.1796	0.615083	0.632707	-0.625149	0.484152
DDIT3	3.79268673551277	4.2311435678718e-12	4.18249	4.69861	-3.32352	1.59954	4.3898	0.759787
CCDC85B	-1.43015291306263	0.251036774958348	-0.412435	-0.415811	-0.162524	0.632707	0.453706	1.65105
NUPR1	2.54749636240571	6.38250590071326e-13	3.65282	2.78001	-1.17488	0.454789	1.89625	1.6166
BEND3	-1.89596969862416	0.0504695999034145	-0.684308	-0.170405	0.153503	1.14728	0.682973	0.525972
ALOXE3	3.28144746429056	8.8366261638466e-05	3.13754	4.17983	1.81672	-0.127623	1.37485	0.89919
GEMIN4	-1.09812368334638	0.10654863853543	-0.489321	-0.260943	0.212757	0.254977	-0.260331	0.352494
TNFSF15	4.13095085781453	NA	1.9257	3.63502	-0.384917	1.31078	-1.62515	0.0691148
NF2	-1.03457953559318	0.00277142812819492	-1.88005	-1.82974	-0.656219	-0.0486108	-0.384835	-0.615383
ZFP69B	2.448022159772	0.0341061130952305	-0.148169	1.19492	0.380618	0.632707	0.622778	0.484152
FAM111B	-1.45735345296789	0.68975665721969	0.58007	0.694646	1.89963	-0.312974	-0.60847	1.89014
TUBB	-1.02670388749201	0.00017656076025797	-1.23648	-0.766451	0.585599	-0.456209	-1.62087	0.156267
ASB13	-1.39200371145803	0.00176083740844226	0.254565	-0.440397	-0.384917	0.0202635	0.905366	-0.625472
EPHB4	-1.23872432451445	2.86640738501924e-05	-1.50865	-1.43733	0.2504	-0.804048	-0.958705	-1.48074
SLC6A9	2.19955814586479	9.29395831630269e-09	1.99789	2.35339	-0.0741771	1.03492	0.577943	-0.11531
HSPA1A	-2.35470106742347	0.0213105567869064	-2.49225	-1.35092	NA	0.884245	-0.58908	1.80608
TXNIP	2.88070404137427	4.97967126951509e-09	1.99423	2.84489	NA	-0.235336	2.90259	1.65745
ENSG00000285133	5.23648458309203	0.00753350122247734	4.56225	3.47323	NA	0.710709	4.37485	-0.252813
HERPUD1	1.861540118296	2.10404029392352e-17	2.14491	2.55192	-0.708842	0.429735	1.20322	0.439064
CHI3L2	2.22400953367288	0.00108488088166306	2.90629	3.40774	-0.384917	1.63271	0.374851	-0.515848
TBC1D1	-0.834598478661091	0.00266868971043744	-1.25631	-0.507209	0.252513	-0.680451	-1.01943	-0.161183
DAPP1	2.09593126853051	0.000598899171708052	2.82143	3.49205	-1.38492	1.63271	-1.62515	0.484152
PABPC1	-1.00732993645608	4.41893669922183e-05	-2.5627	-2.62267	1.57277	0.418174	-0.507374	0.523252
PPP2R2C	-1.41182070940378	4.21637081803272e-05	0.680381	1.07763	-0.320786	-1.90335	-0.625149	1.06911
TUBE1	1.77939348793273	3.7585077876201e-08	1.6698	1.50614	-0.632844	-0.00288184	1.78989	0.422752
PHGDH	1.98741318655761	2.98819513569173e-15	1.4996	2.22026	0.150027	0.413995	1.22644	1.29992
MKNK2	-0.525470916703404	1.22319972466058e-05	-1.40282	-0.925789	-0.42518	0.0958808	1.99152	-0.515848
SBF1	-0.354916277581862	0.00151432493699664	-3.73206	-2.10436	-0.155435	-0.782331	-0.762653	-1.73158
SMS	-0.511059173472678	0.000380385124851793	-1.47008	-1.72547	-0.216162	-0.221994	-1.69554	-0.143879
USB1	-0.709697483553184	0.00164390065649677	-0.0557875	-0.437839	0.278048	0.369672	-0.53204	0.280619
CRISPLD2	-1.17811752231881	1.87728130245484e-05	1.1455	1.59023	0.966556	-0.201283	-5.93803	-2.75425
NME4	-0.39364772336034	0.000403128967912339	0.534383	0.663991	0.0129921	0.619709	-0.0121723	-1.35715
USF2	-0.504158995407343	0.00274766306148903	-0.214357	0.172863	-0.392954	0.0274242	0.910904	-0.289572
LIMK1	-0.178836084467396	0.00273770670476508	0.184193	-0.295024	0.534913	0.432408	-0.0231132	-1.05311
CCL2	NA	6.73244064707739e-12	0.721283	2.61457	-0.384917	0.632707	-3.62515	-0.515848
CCDC86	-0.567889536388296	0.00153256324998496	-0.315058	-0.109196	-0.0513902	0.381168	0.655232	0.634794
CARS1	1.99328285040794	2.14662239082598e-18	1.66249	2.50353	-0.302549	0.201176	0.988556	0.516868
PITPNM1	-0.7353407610768	0.0011999739607523	-2.06438	-1.58264	-0.192272	-0.611916	0.605148	-1.59926
CDK2AP1	-0.596257215231922	0.000486144286033196	0.35918	-0.999781	-0.396367	-0.220317	0.427592	-0.926132
NCOA7	1.8386300537246	4.36941421612592e-05	1.6855	2.62842	0.122043	0.576123	1.3679	0.959061
IL1A	1.9767755590568	1.91583702414004e-05	3.16931	3.90811	-0.384917	0.632707	2.37485	-1.10081
HPCAL1	-0.805512964442465	0.000304419262103828	-1.096	-1.17679	-0.622608	0.470956	-0.245445	-0.446351
GBP1	0.463310063480855	3.2480320773823e-10	-0.485291	1.53888	-0.384917	0.163221	-0.850216	0.0603446
MAPKAP1	-0.885399126629068	1.63714437992407e-05	-1.73986	-1.4174	-0.204344	0.077739	1.05001	-0.0777266
CD274	0.972358826122613	1.08923001272195e-06	1.11228	0.722401	-1.38492	1.63271	1.01871	0.922725
PPDPF	-0.714870816088639	4.39728728854067e-05	0.953096	0.205849	-0.954635	-0.256076	0.784727	-0.662689
DNAJB9	1.67143649361881	1.27217577182506e-14	1.00067	2.0648	-0.0324002	1.06231	2.01782	1.62433
KIF1C	-0.780920582727723	0.000212737274857103	-3.01432	-1.68736	0.38172	-0.525173	-0.166944	-0.498774
EGLN3	-2.22725040151698	0.00011242437311963	-0.0844409	0.900961	1.15012	0.410314	-2.21011	-1.68577
PUDP	-0.381521996003716	0.00147280895439186	0.724721	-0.0110761	0.392691	0.0559182	0.00872289	-1.20035
PSAT1	2.16323669774782	6.17944840782951e-27	1.77341	1.74877	1.35205	0.861672	0.815697	1.16154
IL6	0.0968970555996244	1.92954472465324e-05	1.05407	5.53301	-0.384917	0.632707	1.08267	-0.433386
UBE2Q2	-0.840371616019181	6.52708416690695e-05	-0.475897	0.155429	0.293155	-0.367293	-1.32559	0.636155
RPL13A	-0.626079748294146	4.14203081409521e-05	1.35806	0.752462	0.831551	0.358268	1.08284	1.06768
SLC20A1	-0.868417678475018	1.50060400637042e-06	-1.21003	-0.796488	-0.229798	-0.108884	-2.55568	-1.28064
SKP2	-0.881636481316897	0.000174963046464331	-0.662327	-0.812759	0.295624	-0.526492	-0.164015	0.136229
CREB5	1.68997803782966	7.53985384824818e-05	1.96411	4.08117	-0.384917	-0.367293	2.74408	0.204044
PSPH	2.0067424879489	1.33336703701622e-07	2.1402	2.31779	-0.890557	0.319767	-0.128723	0.667016
SLC7A11	1.75042578261844	1.52302261482056e-32	0.949137	0.358541	-0.744537	1.42578	-1.29278	-1.07354
ROBO4	0.896348403300531	1.63988589286524e-07	2.73726	3.44759	-0.384917	1.21767	0.182206	-0.466938
MRPL17	-0.604423383921578	2.47610624636123e-07	1.02272	-0.462993	-0.0103977	0.317249	0.380145	0.0691148
VAV2	-0.551605069386455	0.00016168765668726	-0.777471	0.125154	0.0529609	-0.216108	-0.665227	-0.930885
NACC1	-0.696121363661773	0.000469695890559645	-1.53891	-1.03103	-0.266109	-0.603182	0.107265	-0.0197386
IL20	NA	1.42166559030475e-08	2.95483	3.26659	-0.384917	0.632707	-0.625149	0.484152
PTX3	1.72569857538401	0.00277543219011225	0.426251	2.65054	0.615083	0.632707	1.08687	-0.404897
DUSP7	-0.401149635119785	6.65620222915414e-05	0.275676	1.17432	1.52197	-0.0777867	2.0832	0.400088
C4orf3	-0.201768770015832	2.45995688121477e-06	0.525745	-0.980355	0.312675	0.43745	1.13012	0.998725
GRPEL2	1.78399044811249	3.5543571203286e-16	2.64316	2.42293	-0.384917	0.226947	1.10566	1.23417
RAB4A	-0.765106201475233	0.000265121524411651	0.253123	1.22183	1.20005	0.103337	-0.935489	0.0316401
HSPBAP1	0.730868113984039	0.000158647863845012	1.93758	2.90159	-0.458917	0.383347	0.74682	0.832076
PTPN9	-0.644447826223429	0.00197844914125961	-0.170972	-0.110518	0.0598682	-0.339279	0.334209	-0.477374
AVEN	-0.793274039929077	0.00229745618644845	0.668892	-0.228144	0.850712	0.100212	-1.05141	-0.226341
BNIP3	0.176926099961949	1.39070376010152e-05	-0.467232	-0.300744	0.179582	0.0433391	-0.507313	-0.42897
ERN1	2.04730097504463	5.72968855607566e-13	2.29578	3.71502	-0.772987	0.861525	3.28174	0.136229
THBD	0.135565194842272	3.3619348927632e-08	3.28113	3.59072	0.243115	0.632707	1.43374	-0.166399
BRI3BP	-0.552489395701505	0.000172466118409891	-0.590453	-0.0888556	0.138354	-0.568146	-0.530822	-0.633845
QRFPR	-0.919719997547636	0.00171035940384644	2.92615	3.30132	-0.384917	0.632707	-0.625149	0.484152
ZNF395	-0.670562742212109	0.000150871542141112	2.16065	2.73429	0.0021065	-0.293293	-0.625149	-1.06604
RABL6	-0.977209963317057	0.000412217445704193	-1.88928	-1.83897	-0.583462	-0.692224	-0.0687559	-0.936985
PCNX3	-0.665310561963648	0.00101910485303151	-1.76986	-0.836453	-0.0486332	0.096826	-1.67909	-1.11896
SERPINB2	-0.122901377288162	0.00119127770190919	3.01064	3.27482	-0.384917	0.632707	1.04728	-0.33897
TRIM15	0.741637329039795	9.61324907916961e-08	0.915477	2.65916	NA	0.632707	-0.625149	0.484152
PGAM5	-0.39656340898124	1.43255600981534e-05	0.16348	-0.059283	NA	0.387935	0.000785073	0.201753
CCDC71L	1.97859564278886	0.00250221587618343	1.25481	1.88145	NA	0.14728	1.12208	-0.515848
CISD3	-0.10536837318956	0.00139211701016342	1.00824	0.450042	NA	-0.204128	0.443022	-0.242829
MKKS	0.326944565303407	0.00328886121922054	0.0979987	-0.0325202	-0.799954	0.0983703	-2.21011	0.484152
PIK3C2A	0.0177725082370017	0.279429170505202	-1.64854	-1.61752	0.253315	-0.25048	-2.00848	0.362162
CD74	NA	0.0641746415799575	3.85901	3.53297	0.615083	-0.367293	-1.62515	-1.02084
WNK1	-0.371726465457224	0.105709802267251	-1.83412	-1.18362	0.219213	-0.906427	-0.0516432	0.112554
NCKAP1	0.0164516743519224	0.104819465889359	-1.70724	-1.50739	0.252634	-0.385196	-0.403922	0.29021
EPN1	-0.324321544204992	0.00533256233250049	-2.18158	-1.72613	-0.194733	-0.0121983	-0.612604	-0.305281
TCF3	-0.797286575316299	0.00175569696969966	-1.95725	-1.76246	0.13662	-0.450435	-0.825682	-0.340481
TRPC5	NA	NA	4.05991	3.90375	-0.384917	0.632707	-0.625149	0.484152
WSCD2	NA	NA	4.99473	4.87594	-0.384917	1.63271	-0.625149	0.484152
TOP2B	0.140955678600093	0.527487385902545	-1.3653	-0.596176	0.488034	-0.115534	-0.414382	0.18539
GSK3B	0.165351535888448	0.0809608347988154	-1.39698	-1.13596	0.178269	-0.341683	-1.22125	0.742887
OSBPL8	0.251349727483914	0.51245370355341	-1.78067	-0.267333	0.107682	-0.385672	0.433744	0.423611
SCD	-0.181048704577187	0.816166950620341	-1.51989	-1.26702	-0.0776178	-1.10758	-2.55619	-1.59139
CEP170B	0.0150695091493724	0.19552137557601	-2.04373	-0.616711	0.683255	-0.094099	-0.625149	-1.34874
DICER1	-0.58485530969423	0.314495150746018	-1.48979	-0.772859	0.439997	0.445829	-0.728985	0.520678
PIEZO1	-0.687371837518761	0.00753833472522795	-1.72107	-1.53301	0.44205	0.0606129	-1.15624	-1.89052
POP1	-0.220505029452294	0.360660105611129	-1.508	-1.22526	0.411069	0.173275	-1.08782	0.953638
TGFB1	-0.0745568681327812	0.217795436838452	-1.65912	-0.473629	0.498808	-0.445497	-1.14779	-0.901138
FGF21	6.04202737445027	NA	4.19308	5.2728	-0.384917	1.21767	-0.625149	-0.515848
APBA1	NA	NA	3.84009	3.40084	-0.384917	-0.367293	-4.21011	-0.515848
ATN1	-0.104305802809707	0.19230757112108	-2.20409	-2.81069	0.508918	-0.355419	-0.547843	-0.0852134
ULBP1	NA	NA	4.40623	3.04869	0.0707629	0.403225	1.37485	0.484152
FBRSL1	-0.589730045513311	0.680214743406391	-2.09184	-1.47699	0.290244	0.0688058	0.340085	-1.1712
PLXNA1	-0.828220400071115	0.00204500386787043	-2.02852	-1.0969	0.435377	-0.254564	-0.639649	-1.87919
ZAP70	NA	NA	4.84934	2.39122	-0.384917	0.632707	-0.625149	0.484152
IL18RAP	NA	NA	3.9533	2.45249	-0.384917	0.632707	-0.625149	0.484152
TRPM6	NA	0.0147194434103297	3.81457	3.50161	1.20005	1.41031	-0.625149	-1.10081
PKN1	-0.483542960922236	0.105592536547351	-1.62471	-0.762392	0.087965	-0.0246227	0.257281	-0.598086
TUBA1B	-0.47196135188139	0.00635021784246371	-1.46625	-0.964165	0.085626	-1.02054	-1.03487	0.325398
NKX2-2	NA	NA	3.83281	3.66384	-0.384917	-0.367293	-0.625149	0.484152
FLRT1	NA	NA	3.84558	2.87976	-0.384917	0.632707	-0.625149	0.484152
MAP2K2	-0.34574497296426	0.0331673213185797	-1.4586	-0.571589	-0.0617818	-0.146793	0.352936	-0.699987
ADM2	5.83351332566623	0.000696658121364526	4.0722	4.55916	-0.621956	1.16109	3.47171	0.484152
COL5A1	NA	NA	-2.00216	-0.966124	1.0183	2.04774	-2.32325	-2.58116
ATP13A3	-0.782000128278925	0.488161681868231	-2.21157	-1.3141	0.22959	-0.553546	-0.157288	-0.129239
VRTN	NA	NA	3.99916	3.11206	-0.384917	0.632707	-0.625149	0.484152
INHBE	5.52351370043816	NA	4.17712	4.12061	-1.06299	1.1495	1.92505	1.48415
FOXN4	NA	NA	3.92614	2.86776	-0.384917	0.632707	-0.625149	0.484152
NCOR1	0.12670921140811	0.638654413815095	-2.18614	-1.31302	0.274046	-0.012909	-2.28185	-0.13679
AKT1	-0.939605582521847	0.0002438988882624	-1.84622	-1.09471	-0.488539	-1.01207	0.290638	-1.27484
PADI1	NA	NA	3.82542	2.70079	0.615083	0.632707	-0.625149	-1.10081
PTPRF	-0.618328302552815	0.039988028801295	-1.85191	-1.25635	-0.00203654	-0.347281	-1.62515	-0.761186
RPL7A	-0.735322815633544	0.298690252950857	-1.80462	-1.35273	0.44248	0.155474	0.412456	0.658385
TMEM45B	NA	NA	3.85641	3.25881	-0.143909	1.77764	-3.79507	0.346649
SLC5A10	NA	NA	4.04853	2.49815	-0.384917	0.632707	-0.625149	0.484152
ITLN2	NA	NA	3.93995	3.28756	-0.384917	0.632707	-0.625149	0.484152
MGAT4B	-0.459121341881621	0.14554256911047	-1.98097	-1.01777	0.200046	-0.213997	-0.132109	-0.401027
NPHS1	NA	NA	3.88273	4.15564	0.615083	0.632707	0.374851	1.48415
FGF19	NA	NA	4.23976	3.17678	-1.38492	0.632707	-0.625149	0.484152
CTRC	NA	NA	4.05572	3.93854	-0.384917	0.632707	-0.625149	0.484152
FAT3	NA	NA	4.24399	2.45302	-0.384917	-0.367293	-2.05399	0.484152
BTNL9	NA	NA	3.84858	3.56669	-0.384917	1.33315	-0.625149	0.484152
PIP5KL1	NA	0.630538441083502	3.88578	3.32851	-1.03699	-0.782331	-0.0401867	-0.515848
TUBA1C	-0.458258012682816	0.0106257907464763	-1.77414	-1.15634	0.480334	-0.488847	-0.832505	0.269828
NT5DC2	-0.811664725619256	0.00417962566551485	-1.72605	-0.451586	0.243115	-0.663381	-0.617112	-0.799641
FASN	0.346719819493726	0.335095622895675	-1.59201	-1.2234	0.609849	-0.793039	-1.75943	-0.66301
DUS1L	-0.168724779547554	0.0156916694482046	-2.10009	-0.511396	0.293155	0.144913	0.471066	-1.48268
MAP6	NA	NA	3.82664	3.23666	0.615083	0.632707	-0.625149	1.48415
ECEL1	NA	NA	-1.9986	-1.01328	0.615083	0.632707	-0.625149	0.484152
SNCG	0.348865778479928	0.847314325647596	3.81387	3.23387	-0.0223465	-0.612097	-1.21011	-0.252813
NLRP6	NA	NA	3.90786	3.88797	-1.38492	0.632707	-0.625149	0.484152
HTR3C	NA	NA	4.10781	3.14299	-0.384917	0.632707	-2.21011	0.484152
TMEM151B	NA	NA	3.92724	5.58736	-0.384917	0.632707	-0.625149	0.484152
ZBTB7A	0.0247741331438122	0.117556725805128	-2.1666	-0.490512	0.0698233	-0.167453	0.197973	0.322514
SAMD4B	-0.446076528437428	0.0179959435992415	-1.74299	-1.93405	-0.26206	-0.374788	0.465616	-0.131184
PAK2	0.0717697187577188	0.531870881012208	-1.86458	-1.05744	0.666886	0.176607	0.205974	0.349851
GREM2	NA	NA	3.91309	2.71482	-0.384917	0.632707	-0.888184	0.484152
PNMA8A	0.293897791855624	0.843119628541902	4.04169	3.32617	-0.384917	3.21767	-1.16572	0.148549
IRAK1	-0.637274404114518	0.0466040835776576	-1.44576	-0.215499	-0.324616	0.0656661	0.264973	-1.13184
XPOT	0.489349242230024	0.00203579911911359	-1.44495	-0.123132	0.10051	0.281812	-0.0730513	-0.144481
JAG2	-0.0960119586240061	0.328002129438836	-1.9319	-1.5444	0.327507	-0.0143065	-2.53204	-1.16792
GRK1	NA	NA	4.0114	3.95311	-0.384917	0.632707	-0.625149	0.484152
INSIG1	-0.458674467110455	0.522209925966615	-1.67815	-2.5811	0.638416	-3.42734	-2.45006	-2.06234
BCR	-0.297116877177075	0.0233638408283866	-1.96965	-0.062142	-0.169188	-0.589686	-0.894756	-0.481082
AGRN	-0.282058646578171	0.790753375491926	-1.39218	-0.541121	0.307367	-0.540078	-1.58623	-1.99169
TUBB4B	-0.917643792671015	0.000842646821629575	-1.44841	-1.00607	0.39253	-1.3148	-1.3199	0.0828749
PFN3	NA	NA	3.82956	3.07357	-0.384917	0.632707	-0.625149	1.48415
ZBED1	-0.650927315163099	0.320767838998108	-1.55195	-1.36992	NA	0.260738	-0.402757	-1.41631
SMTNL1	NA	NA	4.10242	3.07745	NA	-0.367293	-0.625149	0.484152
DND1	NA	NA	3.88732	3.29629	NA	0.632707	-1.62515	-1.10081
MMP28	-0.603707635782257	0.715550031977207	4.11813	3.20807	NA	1.11813	0.374851	-0.515848
RBAK-RBAKDN	NA	NA	4.0276	3.27072	NA	-0.367293	-0.625149	0.484152
H4C13	0.447978855984778	0.0449717266342508	6.45562	6.36001	NA	-0.367293	-4.66954	1.48415
ENSG00000291314	NA	NA	3.86341	2.50136	NA	-0.367293	-0.0401867	0.484152
ITGAL	NA	NA	3.11911	4.72847	0.0301209	-0.367293	-1.62515	0.484152
MGST1	-0.193313412795528	0.940154390897742	0.0120112	-2.55647	0.456788	0.647618	-0.820664	0.143767
KIF26A	NA	NA	-3.26471	-1.95438	1.20005	0.632707	-0.625149	0.484152
IDI1	0.0281860195984368	0.882064627176634	-0.913425	-1.70043	0.846409	-1.78888	-0.987719	-0.435677
GAL	NA	NA	-0.128951	-1.72963	-1.38492	-0.474208	-2.62515	-1.42274
RPL31	-0.639928805974238	0.0162440118093499	0.152707	-1.58415	0.332553	-0.132273	-0.266987	0.305314
COL5A3	-0.122358787672331	0.850520514869162	2.45085	5.17602	0.615083	0.632707	-2.01177	0.484152
DNAJA1	-0.882664518267243	0.109003904042511	-2.38274	-2.11658	1.47986	0.553761	-0.284764	1.27173
PAPOLA	-0.498386008207757	0.0541423908592118	-1.25827	-1.83414	0.487664	-0.245641	-0.0267662	-0.393857
VSX1	NA	NA	3.04809	4.90922	1.61508	0.632707	0.374851	0.484152
CHRNA4	NA	NA	3.18515	4.78493	-0.384917	0.632707	-0.625149	0.484152
HSPB1	-0.297386736118193	0.00777915585413724	-0.582952	-1.74352	-0.106053	0.158375	-2.03486	-0.13273
SEC61B	-0.166543459367297	0.0349333109248334	-0.0913816	-1.89953	-0.557825	-0.153396	0.87297	0.411018
RASD1	NA	0.955700964648326	2.24821	5.63543	0.511248	0.632707	0.374851	-0.579978
HMGCS1	-0.107397665682778	0.113933641202451	-1.04461	-1.92785	0.882298	-1.49313	-3.07609	-0.270735
FAM162A	0.0271617459565372	0.0424138052036821	0.15051	-1.52894	0.0941301	0.00752977	-0.178633	0.861007
CCL20	1.42367711660742	0.047237353001304	1.8522	5.42515	-0.384917	0.632707	-1.62515	0.484152
PRDX1	-0.119366385672384	0.142186593212069	-0.143538	-1.41779	0.368832	-0.268208	-0.595741	0.0375552
EGR1	1.74488477557457	0.050941951138786	2.03728	5.26686	0.492599	-0.01937	1.6737	-0.281382
NCKAP1L	NA	NA	2.79078	4.64219	-0.384917	0.632707	-0.625149	-1.10081
ATP5F1E	-0.501779278288653	0.7808600116585	0.111207	-1.87417	-0.41249	-0.449394	0.23701	0.525972
KLHDC3	-0.24057032822084	0.262570663285632	-0.856626	-1.73354	-0.116428	-0.21036	0.299563	-0.00888775
SNRPD2	-0.304271109453808	0.000158332726806947	-0.0569507	-1.67282	-0.440812	-0.0870094	0.771456	0.0344686
CD93	NA	NA	2.96452	4.74114	-0.384917	0.632707	-0.625149	0.484152
COX7C	-0.0591631257770652	0.273828292391635	-0.131102	-1.89647	-0.183501	0.268474	0.182206	0.279038
BAIAP2L2	NA	NA	1.84048	4.5129	-0.384917	0.632707	1.41924	-1.10081
SMO	NA	NA	0.281001	7.09113	-0.384917	-0.329819	-0.947077	0.484152
IQCN	NA	NA	2.7907	4.72935	-0.384917	-0.367293	-0.625149	0.484152
OLFM1	NA	NA	-1.25687	-1.25841	0.210462	-1.00278	-1.62515	-0.323203
COX7B	-0.241976258345145	0.10811242714168	-0.716002	-1.98799	-0.474671	-0.981584	0.0804034	-0.275897
RPL27	-0.519781466436897	0.172219518995922	0.00662216	-1.68425	0.383137	-0.381918	-0.00761885	0.739703
KL	NA	NA	2.28208	5.2391	0.352049	0.632707	-0.625149	0.484152
TXN	0.0715794834117064	0.171769417202876	-0.145441	-1.70871	-0.276723	-0.162691	0.56378	-0.130105
DUSP5	0.600996650312315	0.0196140619005773	1.09647	4.57386	-0.829701	0.0403647	1.92505	0.517319
SNRPF	-0.320376804650388	5.04119811086536e-05	0.520324	-1.83214	0.151008	-0.180154	0.597243	0.133465
EMP3	-0.169289621485918	0.462318639070877	0.198438	-1.46965	0.200046	-2.62509	-0.26945	-0.144357
PLAC8	-0.297770026124527	0.826053857414209	-0.245548	-1.97457	1.20005	1.21767	-0.625149	0.108941
RPL37	-0.633681967064828	0.0122782479625599	-0.0371149	-1.72667	0.904702	0.386269	0.996049	0.740468
SNX12	-0.392024982182342	0.122892432986441	-0.0838004	-2.41616	-0.32521	0.411383	-0.0544006	0.0460311
ST18	0.21591372160409	NA	2.69196	4.78015	-0.384917	0.632707	-0.625149	0.484152
POLR2K	-0.2323628414172	0.586850502294916	-0.071972	-1.86186	-0.0909709	-0.132234	1.20179	0.654077
DBI	-0.257556495856842	0.102978755778046	-0.41877	-2.68203	-0.0854588	-0.845012	-0.565368	-0.239874
ITGAD	NA	NA	2.77607	4.76791	-0.384917	0.632707	-1.62515	0.484152
ACTC1	-0.513512672376691	0.692402128111004	-0.619491	-2.10274	0.615083	0.632707	-2.21011	-1.10081
SHANK2	NA	NA	2.4358	4.68352	0.137851	-0.355419	-2.04019	-0.10081
CXCL3	1.25685068068102	0.24757039031196	2.9222	4.621	-0.384917	0.632707	0.374851	0.484152
SP8	-1.27310476617837	0.893932528090773	3.2766	4.72938	-0.384917	-0.367293	-1.62515	-1.51585
UGT1A6	1.54776041647402	NA	2.88667	4.58912	2.11465	0.632707	-1.62515	0.484152
KMT2D	-0.282727003510966	0.00135978105070373	-2.26146	-1.50781	0.10834	-0.150242	0.690958	-0.117196
NLRC3	NA	NA	2.89588	4.78646	-0.384917	0.632707	-0.625149	0.484152
SCARA3	-1.0647055840353	0.00803671251888973	-2.29117	-1.79387	0.96872	-1.96147	-2.11516	-2.24167
CXCL8	1.71124781524434	0.0213127908648632	2.05552	7.89153	-0.384917	0.632707	-2.54453	-1.10081
VSTM2A	NA	NA	2.41593	4.94457	-0.384917	0.632707	-0.625149	0.484152
RPL38	-0.393959192474855	0.000238334465230534	-0.071767	-1.82497	0.812975	0.11932	0.81423	0.316934
MUC13	-1.22538768070476	0.866052472659744	-0.310541	-1.60671	-0.384917	0.632707	-0.455224	0.484152
SLC6A19	NA	NA	2.44473	5.00174	-1.38492	0.632707	-0.625149	0.484152
RPL15	-0.33418736237694	0.319379308096778	-0.94747	-1.56629	0.311248	0.272117	0.530915	0.332149
B3GNT8	NA	NA	2.90445	4.5348	0.615083	-0.589686	-0.625149	-0.515848
ADGRD2	NA	NA	2.27813	4.9979	-0.384917	0.632707	0.959813	1.48415
SCRIB	-0.310546197606888	0.189925065526861	-3.20337	-1.86655	0.00253505	-0.182916	-0.375406	-0.479506
HHIPL1	2.10605410593333	0.526032830537393	2.40281	4.9809	-0.384917	0.632707	-1.17264	-0.515848
UQCR10	-0.0906214986887627	0.220541296986399	0.530494	-1.73392	-0.508905	-0.435773	1.62372	0.484152
CCDC73	NA	NA	2.27869	5.25733	-1.38492	0.632707	-0.625149	0.484152
RPS29	-0.837975723586565	0.00379437806548316	-0.820162	-2.10906	NA	0.511008	1.11561	0.798738
TAFA5	NA	NA	2.5981	4.64273	NA	0.632707	-1.62515	0.484152
CROCC2	NA	NA	3.17984	4.60368	NA	0.632707	-0.625149	0.484152
LTB	-1.59801583864107	NA	2.89995	4.82708	NA	0.632707	-0.625149	-1.10081
TNF	NA	NA	2.95781	5.79906	NA	0.632707	-0.625149	0.484152
FMN1	1.13656841227062	0.956431246005822	2.62125	4.72511	NA	-0.44826	0.465049	-0.454447
MYO15B	NA	NA	-0.252753	4.52447	NA	-1.36729	-0.625149	-1.94881
ENSG00000268655	NA	NA	2.87945	4.81629	NA	-0.367293	0.374851	0.484152
ZNF263	-0.257408591792463	0.431432301522538	1.17971	1.2084	-1.06674	0.275155	1.53239	0.924725
NLRP2	NA	NA	3.12624	3.32524	3.31552	0.219982	-2.8346	0.747187
DEF6	-0.401391804820341	0.485436206112152	0.828316	1.4872	-1.08006	-1.02722	0.696779	-0.667851
FAS	0.393230306659024	0.00874861018726688	0.127748	2.58922	-1.03914	-0.390698	-1.56626	-1.03941
HOXC8	-0.241478042693986	0.488687503762476	2.08222	3.32454	1.93701	-0.0453652	2.89841	1.06911
NTN1	-0.296510702404356	NA	-0.137135	0.58134	-1.01085	-1.15526	-0.817794	1.87647
REEP1	-1.13652123271603	0.606021825561112	0.395681	0.858283	2.07451	-2.61522	-1.62515	-2.21629
NDE1	0.00411963780194873	0.0630244795627898	1.51875	0.644245	-1.06844	-1.16129	-0.368809	-0.19392
ALPK1	0.0991889474790351	0.411202025477856	2.50048	2.75427	-1.07679	-0.272434	-0.973073	-0.0304209
CHRD	NA	NA	1.98795	2.76816	4.20005	-1.80025	0.374851	-0.515848
POLRMT	-0.281233145278059	0.00725434116951652	-1.24874	-0.519454	-1.00835	0.300998	0.68835	0.169279
GADD45B	0.637169423824966	0.0124588095092834	2.54947	3.02387	-1.06546	-0.741689	3.05442	0.967094
ANKRD54	0.345032129759328	0.793244436175668	1.38332	1.12051	-1.01295	0.0188894	1.74653	0.0691148
DHRS2	NA	NA	1.13912	1.25587	-1.04096	0.270137	-1.00366	-0.323203
SGCG	NA	NA	2.68148	3.24789	-1.04973	0.632707	0.374851	0.484152
YJU2B	0.507949812879344	0.983589640108505	1.47574	1.58734	-1.05629	-0.0777867	2.03782	0.109113
BBC3	2.09085018873447	0.00224692951492448	1.53016	1.79049	-1.0465	0.423253	1.31345	-0.216287
DBP	NA	NA	0.283339	2.57977	-1.03699	-0.494405	0.559275	0.105641
ATP6V0A4	-0.540742492165576	0.0551874031105856	2.0758	2.56444	-1.02877	-0.782331	-2.39774	0.664725
SERPINE1	0.132570141131928	0.0237231989851322	0.183762	0.691221	2.04804	0.217669	-0.348567	-0.913358
CREB3	0.11983427446659	0.226119164023	0.616273	1.59251	-1.01052	-0.167524	-0.251932	-0.336027
FBXL15	-0.906976644081875	0.191525948996889	1.22947	0.938345	-1.05915	0.0422272	0.770779	-0.130558
CHKA	0.800575144405246	0.639460711982727	-0.242125	-0.285711	1.66857	0.686574	1.48338	1.30987
OAS2	NA	0.964958037004209	2.15062	2.92038	1.74753	0.547818	-1.04019	-1.05837
SAYSD1	0.139897696912561	0.269766192245946	1.65356	1.83318	1.71745	0.873715	0.992603	0.247113
CYB561D2	-0.304595478462995	0.923702151840746	0.858047	0.245427	-1.06299	-0.0700923	0.409898	-1.3232
C2orf42	0.12786693604697	0.0215577567358402	1.54922	1.80364	-1.03699	0.0312561	0.322383	0.484152
NCF2	1.0601665645855	NA	1.31187	2.37987	2.52197	0.562317	1.37485	0.34329
SGK1	-0.649107544258642	0.62617684938876	-0.190364	-0.131502	1.78501	0.995277	0.93673	1.19875
CNTRL	0.913811498762069	0.0958151427791468	1.06694	2.0096	-1.03063	-1.44437	-0.216684	-0.773006
BBOF1	0.404166121117872	NA	1.82963	3.06589	2.35205	1.13021	1.37485	2.48415
FAM210B	-0.224602407726891	0.0452566566559416	1.69006	1.56481	1.77802	0.538491	0.744085	1.43835
SPDEF	NA	NA	2.30017	3.02991	-1.07444	-0.110277	-2.62515	-1.02866
MT2A	0.138971744183739	0.0169998460082364	1.43796	1.73443	-1.03699	-0.565233	1.39115	0.865528
ZNF133	0.297260394696008	0.799869125847775	1.12156	1.49941	-1.01568	0.157369	0.0752905	-0.0633355
DLGAP5	-0.663062176300766	0.209451349093499	-0.0473618	0.243636	-1.01238	-2.92356	-1.48211	-0.694185
NES	NA	NA	0.287954	0.0373186	1.91276	-1.17465	-3.8346	-1.90817
CSNK1G2	-0.585204394300346	0.0117673443869713	-1.53073	-0.777414	-1.01295	-0.495049	-0.588623	-1.00127
GSTM3	NA	NA	0.928344	-0.482695	1.65513	-0.373989	-0.943511	0.511897
CCNJL	-0.131448080649977	0.168605074271678	0.119707	0.190324	2.20005	0.284783	-1.62515	-0.0814449
NT5E	0.0718212732899703	0.152542666508338	1.63206	1.65583	1.98432	-0.367293	-0.832901	-0.926614
CYP1A1	1.21438192060087	NA	2.24331	2.56303	2.81672	3.63271	-0.402757	-0.622763
SAT2	-0.379375604074017	0.830267478420821	1.44967	0.147985	-1.02235	0.144606	2.2724	0.169279
MVB12A	0.336524092211724	0.59043043865152	1.04829	0.655131	-1.0064	-0.228879	0.937093	-0.233705
PEX14	0.0680011907155615	0.0705833008652734	0.76554	0.871083	-1.02403	0.0941142	0.289962	-0.499728
RPS27A	-0.346010697343398	0.458421211694926	-0.413549	-0.593602	1.90787	0.126521	0.474386	1.00262
TCTA	0.779559947945291	0.575599793249231	1.78394	2.13029	-1.02235	1.34124	0.959813	1.10082
LCN2	-4.23673536012983	0.0738232524282536	2.36099	3.19116	2.11758	6.32619	-3.67578	1.96958
MZT2B	-0.0842082206463551	0.00576828352825931	1.20611	0.55109	-1.02595	-0.821999	0.164172	-0.80306
SEMA3D	NA	NA	1.68227	0.644236	-1.00025	-0.367293	0.347884	-0.653351
DUSP2	1.70807264301509	0.316293477889502	0.131212	0.20952	1.66571	0.507176	2.11182	-0.515848
FBLIM1	0.287045340433352	0.881603560191743	0.587129	1.06747	2.11758	0.381899	-0.122649	-0.119919
IGSF8	-0.0193476124077154	0.812200463194705	-0.397315	0.633755	-1.06299	-0.755263	-0.0664182	-1.04636
MRPL55	0.0655797314906226	0.844846331609776	0.311888	-0.714753	-1.03942	0.30179	1.12487	0.214545
AZI2	1.0679653266948	0.000511625566974958	0.428413	0.826716	-1.02015	-0.499205	1.18699	0.0295864
INTU	-0.324106610041419	0.181657408621264	1.23619	0.866966	1.93701	-0.742333	0.801116	0.291507
PPM1M	-1.16525528371257	0.958148129256485	1.03989	1.61299	2.20005	0.173275	-0.288114	0.484152
MAD2L1	-0.431382031397894	0.15265639306768	0.257015	0.442981	-1.02559	-1.31158	0.176305	-0.170712
COMTD1	0.198736972969575	0.394301043971546	0.746095	1.08777	-1.06299	0.12332	-1.08458	-1.85465
STOX1	NA	NA	1.2049	1.80913	2.05987	-0.300179	-1.62515	2.06911
PPIB	-0.312694392107421	0.126224399377103	0.630604	-0.417683	-1.03136	-0.0175679	-0.781082	-0.0431364
MAP1A	NA	NA	0.982093	1.05403	2.49773	0.194337	-1.55973	0.609683
CYP2S1	NA	NA	0.940147	0.831408	2.0074	0.694416	-0.933272	-0.550336
ENTPD3	-1.15230358214555	0.682292168995803	2.99422	3.39155	2.38062	1.4053	-0.625149	-1.83778
HTR1E	NA	NA	2.34531	3.6766	2.42244	0.632707	0.374851	0.484152
SERPINA6	NA	NA	2.94495	3.3372	1.84215	-0.252305	-1.07766	1.07839
FOS	0.268649136787719	0.0182534361641272	1.22847	1.9107	1.90049	0.480704	1.11182	1.29151
TSNARE1	0.93985897902568	0.612645113226674	3.52081	3.82982	-1.08006	0.0732793	1.12692	-0.869485
KRT13	NA	0.246086563826822	2.08971	2.49454	2.08901	0.632707	-0.625149	0.484152
LRRC15	NA	NA	1.70364	2.31099	2.31552	-0.952256	-1.26901	0.484152
CEBPB	0.948485247022005	0.516544704079663	1.93565	2.39674	-1.0422	0.729924	1.81542	0.639013
RASGRP1	NA	NA	1.425	2.14036	1.87142	1.28478	1.69678	1.48415
TDRD12	NA	NA	2.15799	3.09583	3.31552	0.632707	0.374851	0.484152
MSRB3	-0.00949439555666569	0.164552244961147	0.451235	0.30142	2.20005	1.83202	0.771111	0.384617
ATG13	0.0420059732018803	0.135600875828668	0.826287	1.5968	-1.05136	-0.300742	0.537122	0.484152
RPS6KB2	-0.128715714217204	0.13795957221313	0.359968	0.395451	-1.0064	0.11117	0.679705	-0.323203
MTLN	-0.113240532877283	0.271268187731597	0.968579	1.03779	-1.00785	0.217669	0.707977	0.0520412
AURKAIP1	0.022796637728393	0.106226345805901	0.689634	0.673864	-1.04642	-0.224089	1.29532	-0.0147168
UFSP1	0.210650483839272	0.669206036678827	0.790735	0.854525	3.20005	1.80263	1.02693	0.706545
FBXO46	0.490425732808874	0.979950590179043	0.434291	1.36536	-1.01295	-0.356646	1.06673	-0.37567
SEPTIN1	1.37339807812125	0.764266867100286	2.40986	1.80436	-1.07081	-1.12218	1.59724	-1.39032
MUC16	-1.37801733020758	NA	1.61556	3.16572	1.90459	0.802632	-3.4325	1.06911
IQGAP3	0.0674262451047668	0.859780613047961	0.810785	1.85177	-1.0342	-2.45652	-0.422906	-1.53561
TEDC1	-0.12518927280668	0.453449415115334	0.944499	1.21716	-1.00267	-0.458147	-0.00171256	-0.564211
KIF18B	0.39889335069946	0.778969751903499	0.65092	1.35628	-1.07081	-2.11372	0.653315	0.39792
ZP3	0.395047104031309	0.223769728534887	0.918291	0.15775	1.93701	0.070112	0.637885	0.0691148
C19orf54	-0.0797356803155382	0.961181839675799	1.57191	1.93033	-1.07679	-0.278026	1.99934	0.931611
ASTL	NA	NA	2.38082	2.95277	3.20005	-2.53722	-0.625149	0.484152
OR8A1	NA	NA	2.60303	3.35434	2.31552	0.758238	-0.625149	0.484152
FAT4	-0.0873776059684492	0.787033009392318	0.048748	0.425744	1.76192	0.632707	-3.01634	-0.713787
C20orf204	NA	NA	1.89002	2.38236	2.56928	-0.952256	0.374851	0.484152
CPLANE1	0.465813623358502	0.763871769621721	0.33919	0.609521	1.92251	0.485553	-0.936351	-0.190078
ANKRD35	NA	NA	2.74655	3.69378	2.61508	0.632707	0.374851	0.484152
SYT7	NA	NA	1.64068	1.91734	-0.682597	-1.03792	0.163347	1.33215
BID	-0.0640814158563653	0.935722306761861	0.523537	-0.248053	-0.136989	-1.03794	0.66129	-0.382096
FAM13B	0.334478847853771	0.144210571039626	0.569976	0.932837	0.088153	2.6916	0.170031	0.211134
ADAM11	NA	NA	-0.353213	0.825309	0.200046	-1.00775	0.315957	-0.10081
LAMP3	1.83324622149872	0.00616815176252237	2.15586	3.47554	-1.16733	3.71743	-1.62515	0.484152
TMEM40	0.742888471666441	0.158608678476278	3.23758	3.42687	0.937011	-1.00075	-0.625149	-0.252813
TGFB2	0.387621000597202	0.370545515063354	1.506	1.6036	0.375617	2.74233	0.122664	-0.196388
WHRN	1.07353415332538	0.925929957778486	-1.14433	-0.64572	-0.192272	-1.03972	0.959813	-0.293455
ITPR3	0.243277895867985	0.715467649307288	-0.0963687	0.330857	-0.0598556	-1.04066	-0.380037	-0.435914
METTL4	0.205926495960782	0.0957786025409821	0.849249	0.522148	-0.384917	-1.0094	-0.625149	-0.408933
GDPD3	2.04933452674287	0.168047195779543	1.34062	2.4969	-0.839482	-1.02097	0.374851	0.484152
CALCA	NA	NA	2.88858	3.07828	-0.384917	3.63271	-0.625149	0.484152
CORO1C	0.0362596738614193	0.698399026242212	-0.0167373	-0.749165	-0.516256	-1.03867	-0.888184	-0.0172455
RASAL1	NA	NA	2.05261	2.71494	-0.730691	-1.01499	-0.625149	0.484152
BLTP3B	-0.105293008225206	0.500819821390304	-1.19626	0.345926	-0.416625	-1.02609	-0.674902	-1.06726
POLR3G	-0.928986713479654	0.0353568886630129	0.648629	-0.00552477	-0.143909	-1.00775	0.0667285	0.396689
FGF12	NA	NA	-0.43258	0.642261	1.03012	2.50718	-0.625149	0.484152
EFCC1	NA	NA	2.79322	3.59458	0.714619	2.63271	-0.625149	0.484152
ACTL8	-0.255595791342869	NA	0.64922	1.46123	-0.384917	3.44006	-0.625149	0.484152
CTSD	NA	NA	2.69675	3.43951	0.145598	2.95463	-0.0401867	0.105641
ATP10B	1.49287526838849	NA	2.08278	2.67294	0.615083	4.09214	-1.62515	0.484152
CSTA	0.369025354728696	0.000206089024431515	2.53833	3.04452	0.10051	3.26497	3.8667	0.484152
FMOD	NA	NA	2.97819	3.23561	-0.384917	2.95463	-0.625149	-0.205892
ARHGAP9	NA	NA	1.96086	3.24705	-0.384917	2.95463	-0.625149	-0.252813
SLPI	0.0490393783696999	0.729393157713322	1.52634	0.616346	-1.38492	2.50718	-5.45804	1.34213
NEURL2	NA	NA	1.67033	2.40619	-0.0629885	2.63271	-0.303221	2.06911
HROB	-0.121980823876836	0.233940797568088	0.853425	1.76639	-0.799954	-1.00075	1.74408	1.26656
ATP13A4	NA	NA	3.02145	3.78492	-0.384917	3.27656	-0.625149	-0.515848
AFDN	0.18434065532917	0.0184660430221579	1.12037	1.9436	0.267967	-1.00201	-1.47315	-0.262091
MAP1B	0.906358437742986	0.184704007736451	1.23563	2.30877	0.261974	2.95463	-1.05662	-0.17323
RIN2	-0.356883055399203	0.26851871512875	0.85573	2.65892	0.673977	-1.03472	0.185026	-0.208114
LARGE1	-0.473502876711032	0.642998352152977	1.72625	3.38273	-0.172613	-1.02074	-0.966186	2.06911
RERG	-0.148058933131905	0.324533870105149	2.84036	3.32892	-0.353208	-1.0435	-3.94708	3.06911
MDFIC	-0.265240054346677	0.860984655597638	0.691372	0.573005	-0.384917	-1.03714	1.20082	-0.10081
DNA2	-0.277991875607437	0.371175039976499	-0.433701	-0.106238	0.213721	-1.02265	-1.21011	0.384617
FRAS1	0.22759476782272	0.0327562035554147	-0.467788	0.86327	0.74481	3.49778	-2.49962	-1.34321
RGS3	1.71102836917335	0.0103947679374395	-1.27902	2.09791	-0.51365	-1.02466	1.77907	-0.586237
TAPBPL	-0.0860813122398441	0.878652123718698	2.67814	3.26665	-0.497391	3.44006	1.64074	-0.293455
AMIGO2	0.946661285696354	0.0266017459964486	0.0682711	0.918737	-0.218907	2.72017	-0.457854	0.394356
POC1B	-0.291538472498973	0.816989663509335	0.423735	0.425328	-0.368975	-1.01829	1.02693	0.484152
IGFBP4	-0.809206462591607	0.429376035170473	-0.107706	-0.456137	-0.702286	-1.01189	-0.0935025	-1.26218
LBR	-0.278635440512279	0.0960602464763952	-0.18293	0.299915	-0.146973	-1.04337	-1.52855	-0.973281
ETAA1	0.493947620520859	0.781322472018697	-0.0593296	0.701588	0.278048	-1.03867	-0.155664	-0.515848
CEP78	-0.291113644155968	0.780261372130195	0.489408	0.507746	0.239115	-1.00545	-0.613654	-0.436992
ADD3	-0.133671327762703	0.90877913339762	-0.383362	0.668806	0.26716	-1.02348	-2.00052	-0.726065
TLCD4	-1.50816327781604	0.987110032292386	-0.0604372	-0.124079	-0.121882	-1.04107	-0.210112	0.221118
HOMER1	-0.241603831615988	0.891059136852326	-1.13163	-0.528392	0.135916	-1.01115	1.47439	1.06911
CLGN	-0.173665464920218	0.289207005733246	0.858502	1.30631	-0.420541	3.71232	-1.79507	-0.308847
PROM2	-0.241370679238753	0.72718953495126	1.87332	2.59983	-0.376405	-1.03459	-3.40276	1.10082
RAB39B	NA	NA	2.58963	3.18285	-0.57133	2.63271	0.959813	1.48415
HYDIN	NA	NA	2.92798	3.63146	-0.384917	2.5396	-0.625149	-0.515848
TFF1	NA	NA	2.84534	3.17378	-0.375674	3.25162	-0.712612	0.591067
TONSL	-0.28021621107101	0.248373390102319	0.579492	0.823947	0.0987625	-1.01309	-1.58271	-0.477374
DDR2	NA	0.436498219580471	2.89452	3.16239	-0.969879	5.33315	0.730243	2.06911
S100P	1.85633800695514	0.56179346684011	2.47787	3.12965	1.31552	4.86153	-1.62515	0.403015
TLR3	0.415527589956106	0.0561121905457969	1.27158	2.14669	-0.384917	2.63271	1.05292	-0.416312
STEAP1	-0.0572913400550573	0.0256929575316264	1.96782	2.4754	-0.384917	3.23757	0.267936	0.30358
SERPINB8	0.822707886493457	1.95001849024943e-09	0.541115	1.38559	0.489552	2.89574	2.20722	-0.050885
VKORC1	NA	NA	2.32665	2.32755	-1.12188	2.63271	1.28174	1.06911
BEST1	NA	NA	2.94627	3.50931	-0.747487	4.28806	1.69678	0.484152
SCNN1B	0.234474765813152	0.813828233594562	2.98167	3.69254	-0.306914	-1.01499	-1.62515	2.48415
KRT4	-1.30161006173979	0.932677527098815	3.08558	3.06154	-0.384917	3.44006	-5.08458	2.06911
FUT9	NA	NA	2.70051	3.26489	0.000108309	3.80263	-2.21011	1.48415
CEP135	0.843825290488098	0.000416765100899721	0.180268	-0.0525226	-0.327201	-1.02781	-0.295842	-0.252813
MAGEB6	NA	NA	2.64587	2.94508	0.937011	3.33315	-0.625149	0.484152
SLC36A4	-0.316239203349738	0.203941770343401	-0.917182	-0.768553	0.200046	-1.04537	-0.914656	-0.975279
ZFP3	NA	NA	2.08119	2.78321	0.682198	2.6771	-0.625149	0.484152
F2R	0.362886979309397	0.327230435969259	-0.317564	0.702864	0.615083	-1.02265	-0.76563	-1.7078
IDH2	-0.0142309378351145	0.255405629138876	0.424077	0.838964	-0.0250207	-1.0478	-2.44199	0.646424
EPGN	-0.414495353866595	0.0339510957803033	3.31215	3.36437	-0.384917	3.44006	-0.625149	0.484152
PCGF3	-0.152181826827353	0.16417422242229	0.087053	1.26721	-1.09541	-1.02265	-1.00366	-2.06334
NHLRC1	NA	NA	3.17684	2.43989	0.708193	3.13521	1.37485	2.29151
THSD4	0.17134829321346	0.54029814958092	0.22751	1.85369	-0.48288	-1.02681	-0.492394	-0.0483428
P2RX2	NA	NA	2.8332	4.19336	1.93701	-1.01755	-0.625149	-0.10081
SERPINA3	0.10329199406934	0.00385369476287336	2.55823	3.1815	0.53087	2.88063	-0.537686	1.62166
S100A4	0.092775390164293	0.107447549105202	0.253488	-1.00876	0.837476	-1.04165	-1.30633	-0.899858
TMEM229B	NA	NA	3.76904	2.85912	-0.314527	-1.03472	-1.62515	0.484152
ZNF334	NA	0.828534583456277	2.64907	2.83932	-0.384917	3.80263	-0.625149	0.484152
MT-CYB	-0.58486313206372	0.739659381853829	0.929605	1.43991	-0.00860492	2.81922	-1.2799	-0.870197
MT-ND4	-0.763753470729032	0.579340861175613	-0.376297	-0.187435	0.660758	2.80628	-2.44564	-0.810983
MT-ND1	-0.720026461122854	0.73399385187277	0.178733	0.893734	0.203048	2.96086	-2.20591	-0.923374
L3MBTL3	-0.914133821102089	0.432681357125635	0.197135	0.899653	NA	-1.01418	0.40342	1.22112
SPIRE2	2.75448642462127	NA	-0.559014	0.102182	NA	-1.02849	0.0853442	-0.615383
GPX3	NA	NA	2.95321	3.34927	NA	-1.02895	-1.4325	-0.943269
MT-ND4L	-0.402777366621791	0.766514585035782	-0.387217	0.801068	NA	2.97276	-1.87026	-0.783781
TEX22	NA	NA	3.76907	4.38385	NA	3.44006	0.374851	0.484152
PCDHA13	NA	NA	2.47622	3.10523	NA	2.95463	-2.21011	0.832076
MIF	0.72887315403672	0.0525833235426188	2.01517	1.36519	NA	-1.02364	0.696779	0.0743897
PCDHA11	NA	NA	0.397172	1.5782	NA	2.55209	0.374851	1.48415
H4C5	0.746996258592093	0.000755329164304247	2.10065	1.71045	NA	-1.00472	-0.124188	1.46278
SAGSIN1	0.618128315082702	0.0975132717258462	1.87919	2.27684	NA	2.72017	3.69678	2.48415
AGA	0.0811742298052153	0.0243226855685055	1.54365	1.32679	-0.26748	0.79768	-1.02791	-1.00683
SRBD1	0.225632538362307	0.186328201007449	0.99012	1.47465	-0.0982032	0.0885678	-1.00624	0.173812
FRMPD1	NA	NA	2.91802	2.73853	-0.384917	0.632707	-1.0115	-0.122505
GLI2	NA	NA	0.388271	0.332448	-0.384917	0.632707	-1.01747	-0.820702
LMAN1	-0.229851559626424	0.981527036520835	0.472861	0.566075	0.0813726	-0.269143	-1.02644	-0.543834
KCNQ2	NA	NA	1.21471	2.57221	0.422438	1.33898	4.07529	3.06911
CST7	NA	NA	2.64855	3.42571	-0.384917	0.632707	4.01871	-1.10081
EZR	-0.0619092029483191	0.202789502226144	-0.355405	0.38332	0.415435	-0.248535	-1.01148	1.24723
BAMBI	0.353919009206527	0.814453422578652	0.359984	0.287173	-0.162524	2.05417	-1.01829	0.243144
ERMP1	-0.296594800476148	0.670840798982976	-0.412667	0.496576	0.194501	-0.971897	-1.03041	-0.398011
ARSA	-0.362544681334431	0.570028886931436	-1.52428	0.869401	0.875319	0.698083	-1.02725	-0.403373
CD99L2	-0.223426925059143	0.0584010937146571	0.651069	0.592017	0.480154	0.844211	-1.01113	-1.19293
ZNF419	3.4487631403428	0.123587798795314	1.62982	2.16164	-0.332449	0.699821	3.18221	1.16222
PLA2G4C	NA	NA	0.379463	2.11942	-0.510448	1.95463	4.32905	1.14712
GALNT7	-0.367406748741619	0.216013049519696	0.526434	0.542753	-0.086719	0.468135	-1.01963	-1.0973
NKX3-2	NA	NA	0.287394	1.74273	0.615083	-0.104259	4.18221	0.484152
IL1RL1	0.914014999884732	0.122603963163309	1.90921	2.61617	-0.384917	0.632707	3.95981	0.484152
VAX2	NA	NA	2.44407	2.55561	0.200046	-0.782331	3.83428	-0.515848
GADD45A	1.60795474414138	1.99762660362493e-05	3.27281	3.80981	-0.855807	1.38273	3.94852	1.4392
TGIF2	-1.1635730521536	0.285231140474489	1.11827	1.33255	0.457542	0.527354	3.07529	1.86266
AVPI1	0.696273750103709	0.250534582744025	0.351721	0.806506	-0.548415	0.715169	3.28174	-0.021083
GPSM2	-0.319681450397314	0.211976579477794	-0.51945	-0.268858	-0.988738	-2.48482	-1.01133	-0.493821
CBX3	-0.0946713080315854	0.681000309509563	0.460172	-0.497291	0.458493	-0.270617	-1.01806	0.202381
OPTN	-0.404755778916868	0.574644549485947	-1.04671	0.305549	0.415314	-0.1788	-1.00439	-0.371691
MMP19	0.511928598853284	0.867653283037651	2.77169	3.25007	0.615083	0.632707	-1.01217	-0.95642
SLC25A23	0.365725261741627	0.378061549841601	-0.7545	-0.28018	0.26716	0.270137	3.32905	-0.390317
HNRNPR	-0.179242395806967	0.639722034040894	-0.248507	-0.274148	-0.00126406	-0.580792	-1.01217	0.189474
NR1D1	-0.852415507874648	0.95956712765105	0.952878	1.68029	-1.26627	-1.10923	3.16145	0.350886
CHTF18	-0.02259988624509	0.553337706592929	0.975589	0.315717	-0.91465	-0.912455	-1.00366	-0.790855
CALU	-0.187594038955588	0.651439935602871	0.511085	0.135825	-0.268602	0.0442411	-1.00214	0.0380518
KLHDC7B	2.46489723200847	NA	2.36016	2.93035	0.352049	1.71071	4.18221	1.22112
TPP2	0.444670755540953	0.255015785969342	0.24361	0.392743	0.459092	-0.0807787	-1.00479	0.188696
C6orf52	0.0961974679284432	0.656570329452834	2.22327	2.63835	0.352049	0.369672	3.69678	1.13623
EXOC6	0.593192851929469	0.252436643343574	0.735215	0.67748	0.525287	0.00796433	-1.01747	0.332149
SLC15A4	-0.0789305279066145	0.851780258046418	0.587513	0.529786	0.806779	0.131919	-1.00019	-0.945836
STON2	0.191798533941862	0.352926548738437	0.73536	0.637699	0.813023	0.470435	3.62278	-0.515848
TXNL4B	1.01169565480462	0.279894915177389	1.54029	1.19375	-0.335164	1.16322	3.93964	2.48415
TAF4B	0.614368035502182	0.312370881165076	-0.159418	0.571424	0.0625424	0.521675	3.67253	-0.653351
SAMD1	-0.309629697224324	0.0521260123504317	-1.0281	-0.799481	0.467979	-0.0660757	-1.0013	-0.289966
GABPB2	0.0467205195010903	0.342246268635212	1.52817	1.63597	-0.614398	0.217669	3.18221	0.384617
FANCD2	0.167560897181468	0.69613497307012	0.682333	0.875581	-0.550382	-1.21101	-1.01959	-0.579978
ENDOD1	-0.468511506172488	0.780925386532724	0.566611	1.75865	0.0171818	-0.0867979	-1.00066	-0.8734
ROM1	1.32837791106456	NA	1.80293	1.39903	0.937011	0.945865	3.12974	1.48415
ANKRD50	-0.138834776546272	0.312195658625367	-0.410398	0.218599	0.297295	-0.00174395	-1.03079	-0.245759
PARP8	0.491064934175645	0.000213795242939562	1.30281	1.10166	0.572015	2.21767	-1.00624	0.014667
DST	0.51782362566504	0.00357495232453146	0.293008	0.939356	0.081841	1.24487	-1.00852	-1.89436
FARP1	-0.354392087301557	0.00581351658461679	-0.50872	-0.32028	0.35544	-0.352696	-1.01906	-0.775234
RANBP2	0.442689837055018	0.151494309990814	1.07573	1.75148	0.561428	0.45775	-1.00122	0.342876
FAM167A	0.795730980636333	0.788983445710332	1.95208	3.41067	-0.384917	-1.95226	4.10277	0.162224
CNTNAP3B	0.187767083826349	0.441980820414454	2.67895	4.2263	-0.384917	0.632707	-1.00366	-0.837776
USP25	0.209051017175903	0.783283896439768	0.243085	-0.0903286	0.116481	-0.100246	-1.01594	-0.805354
SLC26A2	-0.295953984338938	0.414774646720642	0.838264	0.213786	1.05358	0.329483	-1.02029	-0.727352
CACNA2D3	-0.147238659032674	NA	-0.17526	1.40168	-0.384917	0.632707	-1.00366	0.484152
CUL4B	-0.113610142659633	0.890921339355249	-0.188707	0.0491332	0.0873457	-0.110899	-1.01005	-0.280789
ACE	NA	NA	3.24821	3.42178	0.403579	-0.249936	3.69678	1.48415
PWWP3A	0.0778042358993018	0.900369066897715	0.660623	0.0818516	0.878118	-0.401782	-1.0285	-0.660238
MELK	0.342641952404883	0.0213717356868908	-0.284	0.331178	-0.288163	-1.61082	-1.01419	-0.0612819
CFL2	-0.647904026036532	0.41709910390122	0.798851	-0.876989	0.959038	-0.383688	-1.01617	-0.00523258
PLIN1	NA	NA	-0.436724	-0.881529	-1.38492	-1.36729	3.07529	-1.10081
NKX3-1	-0.844858916698968	0.016647639016777	2.4876	2.43428	0.508168	-0.952256	3.20774	1.25467
TMEM208	-0.13413707714677	0.418759937247555	1.42574	0.506361	-0.425559	-0.291344	-1.00929	-0.034721
HEXD	-0.0481033565523643	0.760197807760934	0.653889	0.644014	-0.591367	-0.474208	3.46231	-1.37383
NLGN2	-0.446697932458192	0.663359089236874	-1.62476	-0.422271	1.20005	-0.636228	-1.03079	-1.1459
HOXB9	-0.380302872859579	NA	1.31234	2.77059	-0.384917	-0.367293	4.01871	0.636155
ISG20	0.769333775684329	0.845902878933838	2.42037	3.47988	-1.02235	0.0160354	3.18221	-0.0738432
RAB43	-0.0262187997178087	0.186320306961269	2.73454	2.70289	0.422438	0.410314	3.18221	0.0691148
B4GAT1	-0.470877246328654	0.242171135616526	-0.237911	-1.00297	0.0725561	-0.337208	-1.01472	-0.545112
TP53I11	-0.442029425398848	0.0295788476195713	1.4217	1.77273	-0.570783	0.741591	-1.02204	0.0691148
RNPEP	0.146026239827166	0.583495503084002	0.248643	0.43644	-0.24166	-0.899877	-1.01307	-0.707329
EPM2AIP1	-1.53124333170601	0.727414484384961	1.16041	0.0408243	-0.0604373	0.269621	-1.00366	0.187171
TOP1MT	-0.141813154023905	0.441820889351443	-0.0672153	-0.195303	0.145598	0.450014	-1.01419	-0.677311
MAFF	1.90100755059718	3.3750576676828e-05	2.93011	4.08849	1.61508	0.0477442	3.48135	1.6166
SAPCD2	-1.44409206229793	0.665344748235468	-0.720004	0.749453	-0.562704	0.0974973	-1.00366	-1.34592
EME2	-0.258273156982756	0.128275369408814	2.53317	3.91412	0.074515	0.632707	3.46231	-0.10081
VPS13A	0.516222538095396	0.0692691455664241	-0.129277	0.141695	0.786333	-0.623719	-1.00542	-0.759225
COLGALT2	NA	0.572686286696772	3.28164	3.37323	-1.96988	2.63271	3.18221	-1.03325
RASSF9	-0.866574078129278	0.349534863037249	0.933394	2.36317	-0.384917	0.632707	3.49033	-0.515848
PJA2	0.146042840199617	0.11664522923086	0.607667	0.960381	NA	-0.119856	-1.00862	0.592135
CHML	-0.470540458760803	0.10466708826273	0.0631209	0.115875	NA	0.338645	-1.03041	-0.309397
CHIC1	1.12078087448144	0.146638035382118	1.99926	1.02789	NA	-1.36729	3.12974	0.484152
COL15A1	NA	NA	0.864129	1.24393	NA	1.63271	4.23283	-2.51585
ZNF814	NA	NA	2.58292	3.18601	NA	0.2818	3.23283	-0.10081
ZNF425	NA	0.968116523359378	2.55673	2.34882	NA	0.895741	3.56468	1.74719
RBM14-RBM4	NA	NA	2.04084	2.40053	NA	0.480704	3.07529	0.162224
SHLD3	0.828484029276512	0.318441189519992	2.42711	1.27924	NA	1.55024	3.07529	1.29151
ZNF285	NA	NA	2.32161	3.04092	NA	0.562317	3.76717	1.48415
NATD1	-0.818660324675979	0.652929694978912	1.55618	2.1992	NA	0.480704	3.26238	0.121582
H4C2	0.912957725451975	0.0004439952350458	2.04115	1.03001	NA	-1.15031	-1.02882	-0.894745
SEMA3F	-0.321242689289286	0.0690749283202331	-1.15018	0.431821	-0.0105211	-1.21827	-1.78269	-1.01611
CD99	-0.0581165959476953	0.0161560692257045	1.37568	0.0432052	-0.745525	-0.559938	-0.0853885	-1.02652
GTF2IRD1	0.660833348561282	0.552157985717682	0.361703	0.678618	-0.206824	-0.226047	-0.155664	-1.00127
PROM1	NA	NA	1.79069	2.34978	0.615083	0.632707	-4.01747	3.06911
STARD3NL	-0.380265769281112	0.0877473209066608	-0.117943	0.0122914	-0.582856	-0.168748	-0.126898	-1.0077
CCDC85A	-2.29659940583841	NA	2.37291	3.29089	-0.384917	-0.130853	0.898413	3.29151
FGFR2	-0.459799210601223	0.861819349325446	2.46652	2.40594	0.577802	-0.631118	-0.625149	3.29151
DGCR2	-0.261518473141246	0.386085366279941	0.4918	0.645876	0.014524	0.183995	0.487745	-1.0152
CLCN4	0.344222691995807	0.857273480690558	0.730914	1.51569	-0.625925	0.238428	-3.37238	-1.02019
PLXNA2	0.205023379965878	0.970902800964292	1.45522	2.33384	0.46308	-0.952256	0.674411	-1.02008
FGFR1	-0.642619538450123	0.71434461832341	-1.35966	-1.52239	0.385602	-0.993128	-1.42846	-1.01561
ZCWPW1	-1.27634447196797	0.897998612211019	2.2591	3.2035	1.20005	1.1429	2.89841	2.80608
MAP3K4	0.174432305475482	0.513351219524666	-1.77603	-1.06435	0.494229	-0.585934	-1.34136	-1.00523
POMGNT1	-0.948740874816552	0.0176129453941125	-1.11498	-2.28796	0.502609	-0.676891	-2.4325	-1.0222
SIRT4	NA	NA	1.9938	1.53944	-1.96988	0.480704	0.860278	3.48415
ITGA6	-0.313872941390957	0.903686588720104	0.737573	0.652942	0.0910031	-0.682993	-0.54767	-1.01862
VGLL1	NA	NA	2.9419	3.18975	-0.384917	1.63271	-3.14871	3.65408
KLHL4	-1.03210538750338	NA	2.58482	3.26156	0.219155	1.63271	-1.62515	-1.02281
SFRP1	-0.981295314514791	0.0464043475806791	2.11393	2.59472	1.20005	-1.36729	-3.26146	3.94358
SLC1A6	NA	NA	2.2777	3.09077	-0.384917	-0.367293	-4.06809	3.29151
TYK2	-0.0485483379342575	0.891780531159738	-0.54326	0.490466	-0.184004	-0.21815	-0.457205	-1.02604
SH3D19	0.0254457068343335	0.538344227096911	-0.0149204	0.127599	0.4767	0.601901	-0.271512	-1.02281
CD81	-0.0187032001619106	0.446076791634313	0.509097	0.620047	-0.247537	0.0663135	-0.278532	-1.02599
SMIM8	-0.201089442609476	0.176891037595513	1.04458	-0.398176	0.171477	-1.19737	1.49033	2.70654
PHACTR2	-0.916899441581448	0.0583282855442956	-1.46098	-0.683041	-0.015271	0.580239	0.229653	-1.01835
ST8SIA4	-0.942095410168869	0.961843179801639	2.79485	3.36145	-0.672199	0.0477442	-0.625149	-1.02281
STEAP3	-0.225510870513352	0.775214280964682	-0.481056	-0.279396	0.577802	0.59255	-1.07145	-1.00263
GGCX	-0.225228219763601	0.225480195283571	0.134469	0.797926	0.0021065	0.238129	-0.558155	-1.01609
PAPPA2	NA	NA	2.85724	3.40323	0.615083	0.632707	2.62278	2.65408
PADI2	NA	NA	2.52462	3.67361	0.737074	-1.61522	-3.31546	2.65408
TAF12	-0.346065634821154	0.115074655664724	0.604666	0.245856	0.3846	0.809133	2.01871	2.63099
KBTBD7	-0.758586748413101	0.930272863264635	0.871784	1.06604	0.457019	0.539597	-1.04019	2.48415
TGFBI	-0.141989906136706	0.253997998534311	-0.243763	1.2242	0.167624	-1.5048	-1.34367	-1.0244
TMX4	-0.342640922661613	0.00298173569470603	-0.192191	1.12287	-0.133564	0.0176242	-1.13169	-1.01465
PODXL	-0.426662920668309	0.497987952866788	0.049361	0.236704	-0.0964854	0.394547	-2.00485	-1.00517
HOXD11	NA	NA	1.07479	1.15325	-1.64795	1.80263	2.72737	3.32545
DPP6	NA	NA	2.38547	3.75628	-0.384917	-0.689221	1.95981	3.48415
SYNE1	1.00998716994315	0.765885651723884	0.381515	2.11988	-0.194814	0.382728	1.22474	-1.00756
BRME1	-2.32018720111746	NA	1.4976	0.776273	1.48955	1.11813	1.15246	2.55454
ENOSF1	0.122464760634592	0.229297719822787	0.669836	0.793881	-0.457485	-0.00272084	-0.856475	-1.00127
VAV3	0.0783571299617029	0.900020099429272	2.00201	1.92422	-0.14607	0.300601	-1.77715	2.80608
BORA	0.230691229910827	0.793347305603805	0.819122	0.553554	-0.870343	-1.35081	-0.411024	-1.0077
TANK	0.87091392875286	0.000365931334119766	0.345836	1.6645	-0.26756	-0.149113	-0.0922752	-1.02681
NIPSNAP3A	-0.248344189348962	0.364325229355202	0.630907	-0.375847	-0.510946	-0.364778	-1.06125	-1.02174
ARHGAP20	NA	NA	3.18477	3.48135	-0.384917	0.632707	0.338325	2.65408
THBS1	0.0316246809276301	0.00573027324236075	0.710317	2.22619	-0.47232	0.270122	-0.535763	-1.01806
RHOT2	0.465235216648864	0.788423622767037	0.433454	1.28509	-0.0454919	-0.123964	-0.804699	-1.02431
PFKL	-0.133325543229604	0.336205719321916	0.293369	-0.0515135	-0.164859	-0.584611	-0.730048	-1.01605
ZNF614	0.123643511203926	0.524418002258292	1.23355	1.65693	0.225137	0.602959	1.09732	2.48415
CACNA2D4	NA	NA	2.61817	2.4053	-0.384917	0.632707	0.959813	-1.02486
ANK3	-0.0268015573719301	0.279440815447678	2.74388	2.62032	0.85333	-0.431531	-2.21011	2.94358
ASTN1	NA	NA	2.19656	1.85924	-1.38492	0.632707	-0.0401867	2.48415
C9orf85	0.0194334572962391	0.136073185769376	1.62853	0.656698	0.888102	1.51723	1.47439	2.94358
LAD1	-0.976691136115742	0.000786998555758083	2.97323	3.47912	0.370745	0.3259	-2.94708	3.29151
ZNF221	NA	NA	1.04626	1.61422	-0.214992	0.665128	1.09732	2.48415
AZGP1	NA	NA	2.87497	3.41218	-0.13116	0.730004	-4.47663	5.06911
KIAA1522	0.0430671811330984	0.098420183898091	-1.84746	0.0804739	0.47758	-0.151085	-1.2805	-1.02681
SGCB	-0.321353963846019	0.878021837579418	0.499208	-0.0979069	0.0675956	0.36389	-0.574523	-1.00683
S100A9	-0.524788942565414	0.705135736496107	1.83231	2.74448	0.615083	0.632707	-4.79908	3.02021
ANAPC10	-0.19004551214133	0.38123013749392	1.41162	1.13931	-0.006405	-0.401241	-0.139722	2.65408
TBX20	-2.27470479387659	0.541818203806332	2.33361	1.93729	-0.384917	0.632707	-0.625149	2.65408
DEPDC4	-0.306650850470126	0.638421620880855	2.00865	2.23371	-0.870343	0.0895644	-1.62515	2.48415
RRAD	NA	0.67432263678114	0.483812	1.73093	-0.384917	0.632707	2.18221	-1.01835
MVD	0.409504132982561	0.782085719649095	0.64552	0.542991	0.214204	-0.704946	-1.14871	-1.02364
GGT6	NA	NA	2.48632	3.26881	-0.147877	-0.143934	-3.71261	2.48415
ACOX2	-0.194001608017676	0.832395899421897	1.51391	2.09521	-1.25939	-1.57011	-2.21011	-1.0077
ZNF417	NA	NA	2.69705	3.83141	0.200046	1.8551	1.07529	3.18459
ZNF622	0.0910769022409152	0.0102735032645576	0.829699	1.49304	0.364701	1.04669	2.21081	2.89403
PC	0.377637552393646	0.106169167298457	0.336288	0.703614	-0.604793	0.0757586	-0.471992	-1.00889
C3orf33	-1.21569960533926	0.94932752839843	2.23768	0.728785	0.0915214	0.0903886	0.490328	2.48415
NAP1L5	NA	NA	1.61957	1.89921	-0.384917	0.632707	0.753362	2.65408
SOX12	-0.1044657608533	0.404275240683917	0.265599	0.112427	-0.492445	0.356376	-0.108091	-1.00617
PRKRA	-0.150518145737827	0.499920197815135	0.0581972	-0.425218	-0.432613	-0.88872	0.620607	-1.0077
HOXC10	NA	NA	0.33846	-0.232841	-0.384917	0.12298	0.784242	3.48415
EPHB3	-0.0841316452141697	0.753621869645396	1.73052	2.27659	-0.0442613	-0.801389	-0.518234	-1.01335
ZNF721	-0.248904751200098	0.220195430011749	1.16493	1.68037	0.48845	0.247309	1.43374	2.57162
SHTN1	0.224480160588902	0.671430874507381	-0.116029	-0.227891	0.697642	0.44822	-0.875127	-1.00127
PRAMEF10	NA	NA	2.62056	3.4021	-0.384917	0.632707	-1.74063	2.94358
BLOC1S5	0.158357728616746	0.560329534699586	1.30507	1.72425	-0.384917	-0.117315	1.83428	2.59963
RELN	NA	NA	3.38276	2.69282	-0.384917	0.632707	1.69678	2.84672
PNRC2	1.00891016741879	0.696221463846873	1.13269	1.47629	-1.12188	-0.367293	0.597243	3.80608
ZNF107	-0.527437652198477	0.822784853696455	0.300066	2.00145	0.547969	-0.815651	0.474386	3.29151
ZNF502	-0.103961749290057	NA	2.53286	3.39216	-0.384917	1.80263	-1.21011	3.57162
ERI2	0.0866882756813315	0.61721131452054	0.904801	1.10452	-0.0165292	-0.733118	0.318267	2.80608
ZNF420	0.348613445932037	0.630443960036009	1.52628	0.846163	0.174511	0.507176	-0.625149	3.06911
SVIL	0.644646989355397	1.74359092956834e-05	2.88162	3.31075	0.0895252	0.0327939	-0.184577	-1.01542
ODAD3	NA	NA	2.26502	2.59212	-1.278	-0.132828	0.532392	3.44351
ZNF485	-0.774706090353321	0.743232903142095	1.19135	1.13985	-0.330469	0.364339	0.0122807	2.54305
CDC42BPB	-0.0846109207998922	0.704820674136033	-0.38409	-0.083269	-0.293111	-0.545522	-0.0125304	-1.01542
FAM229B	-0.538115315223232	0.197180237957535	2.11107	1.53092	NA	-0.293293	0.425477	2.65408
SIPA1	-0.00870433111141128	0.956158166222735	-0.0461782	0.51001	NA	-2.03924	-0.432504	-1.01335
ZNF90	NA	NA	2.85132	2.83618	NA	0.14728	-0.625149	4.48415
FAM200A	0.372264849489272	0.977137262588971	0.888316	-0.0285769	NA	0.358532	-0.165718	2.89919
TMEM185B	-0.244025693402673	0.862468190448219	0.328356	0.954453	NA	1.36195	0.388835	-1.02152
ADSL	-0.251796299933428	0.448513981036401	-0.317078	0.0404965	NA	0.14031	-0.841389	-1.01335
FOXD1	1.36525348350533	0.5425786195405	0.652375	3.06207	NA	-0.466829	0.976024	3.29151
ENSG00000267360	0.526528534399434	0.704856552958558	1.29756	1.31427	NA	-0.404768	1.11182	3.18459
TUBGCP5	-0.257262663081229	0.0297228793346212	0.592932	1.39209	NA	-0.264445	-0.597135	-1.01335
